{
    "columns": [
        "Diện tích",
        "Mức giá",
        "Số phòng ngủ",
        "Số toilet",
        "Pháp lý",
        "Nội thất"
    ],
    "index": [
        "Diện tích",
        "Mức giá",
        "Số phòng ngủ",
        "Số toilet",
        "Pháp lý",
        "Nội thất"
    ],
    "data": [
        [
            1.0,
            0.6203267372,
            0.9508213591,
            0.8282811362,
            0.3325565728,
            -0.2456200927
        ],
        [
            0.6203267372,
            1.0,
            0.7229588224,
            0.5556297953,
            0.0752408961,
            -0.3441542247
        ],
        [
            0.9508213591,
            0.7229588224,
            1.0,
            0.8571428571,
            0.2672612419,
            -0.2399360256
        ],
        [
            0.8282811362,
            0.5556297953,
            0.8571428571,
            1.0,
            0.3118047822,
            -0.1066382336
        ],
        [
            0.3325565728,
            0.0752408961,
            0.2672612419,
            0.3118047822,
            1.0,
            0.3990037344
        ],
        [
            -0.2456200927,
            -0.3441542247,
            -0.2399360256,
            -0.1066382336,
            0.3990037344,
            1.0
        ]
    ]
}