{
    "columns": [
        "Diện tích",
        "Mức giá",
        "Số phòng ngủ",
        "Số toilet",
        "Pháp lý",
        "Nội thất"
    ],
    "index": [
        "Diện tích",
        "Mức giá",
        "Số phòng ngủ",
        "Số toilet",
        "Pháp lý",
        "Nội thất"
    ],
    "data": [
        [
            1.0,
            0.1074324093,
            0.4528188871,
            -0.0619023259,
            0.3968228393,
            0.4747416442
        ],
        [
            0.1074324093,
            1.0,
            0.172972848,
            0.2963397064,
            -0.2565704794,
            0.6775868753
        ],
        [
            0.4528188871,
            0.172972848,
            1.0,
            0.0856337188,
            0.2160847218,
            0.2861489793
        ],
        [
            -0.0619023259,
            0.2963397064,
            0.0856337188,
            1.0,
            -0.3396831102,
            0.2658047665
        ],
        [
            0.3968228393,
            -0.2565704794,
            0.2160847218,
            -0.3396831102,
            1.0,
            0.1805787796
        ],
        [
            0.4747416442,
            0.6775868753,
            0.2861489793,
            0.2658047665,
            0.1805787796,
            1.0
        ]
    ]
}