{
    "columns": [
        "Diện tích",
        "Mức giá",
        "Số phòng ngủ",
        "Số toilet",
        "Pháp lý",
        "Nội thất"
    ],
    "index": [
        "Diện tích",
        "Mức giá",
        "Số phòng ngủ",
        "Số toilet",
        "Pháp lý",
        "Nội thất"
    ],
    "data": [
        [
            1.0,
            0.5976842864,
            -0.3168163569,
            -0.256378452,
            -0.0089093678,
            -0.2326699094
        ],
        [
            0.5976842864,
            1.0,
            -0.0356573857,
            -0.5302268965,
            0.0819116642,
            -0.4877263726
        ],
        [
            -0.3168163569,
            -0.0356573857,
            1.0,
            0.4317877696,
            0.2911112549,
            -0.196267168
        ],
        [
            -0.256378452,
            -0.5302268965,
            0.4317877696,
            1.0,
            0.4045199175,
            -0.0909090909
        ],
        [
            -0.0089093678,
            0.0819116642,
            0.2911112549,
            0.4045199175,
            1.0,
            0.1348399725
        ],
        [
            -0.2326699094,
            -0.4877263726,
            -0.196267168,
            -0.0909090909,
            0.1348399725,
            1.0
        ]
    ]
}