{
    "columns": [
        "Diện tích",
        "Mức giá",
        "Số phòng ngủ",
        "Số toilet",
        "Pháp lý",
        "Nội thất"
    ],
    "index": [
        "Diện tích",
        "Mức giá",
        "Số phòng ngủ",
        "Số toilet",
        "Pháp lý",
        "Nội thất"
    ],
    "data": [
        [
            1.0,
            -0.2770035161,
            0.7876200876,
            0.999485403,
            -0.999485403,
            0.1429459364
        ],
        [
            -0.2770035161,
            1.0,
            -0.2331479894,
            -0.2627137544,
            0.2627137544,
            0.0041851794
        ],
        [
            0.7876200876,
            -0.2331479894,
            1.0,
            0.7765802747,
            -0.7765802747,
            0.1264911064
        ],
        [
            0.999485403,
            -0.2627137544,
            0.7765802747,
            1.0,
            -1.0,
            0.1403292831
        ],
        [
            -0.999485403,
            0.2627137544,
            -0.7765802747,
            -1.0,
            1.0,
            -0.1403292831
        ],
        [
            0.1429459364,
            0.0041851794,
            0.1264911064,
            0.1403292831,
            -0.1403292831,
            1.0
        ]
    ]
}