{
    "columns": [
        "Diện tích",
        "Mức giá",
        "Số phòng ngủ",
        "Số toilet",
        "Pháp lý",
        "Nội thất"
    ],
    "index": [
        "Diện tích",
        "Mức giá",
        "Số phòng ngủ",
        "Số toilet",
        "Pháp lý",
        "Nội thất"
    ],
    "data": [
        [
            1.0,
            -0.2521924293,
            0.6166452871,
            0.8753523389,
            0.2280647366,
            -0.4173697078
        ],
        [
            -0.2521924293,
            1.0,
            0.2769774027,
            -0.1395076114,
            -0.4230638982,
            -0.0192446587
        ],
        [
            0.6166452871,
            0.2769774027,
            1.0,
            0.6775074859,
            -3.310045538e-17,
            -0.1187977408
        ],
        [
            0.8753523389,
            -0.1395076114,
            0.6775074859,
            1.0,
            0.1514952794,
            -0.4599220498
        ],
        [
            0.2280647366,
            -0.4230638982,
            -3.310045538e-17,
            0.1514952794,
            1.0,
            8.847583468e-17
        ],
        [
            -0.4173697078,
            -0.0192446587,
            -0.1187977408,
            -0.4599220498,
            8.847583468e-17,
            1.0
        ]
    ]
}