{
    "columns": [
        "Diện tích",
        "Mức giá",
        "Số phòng ngủ",
        "Số toilet",
        "Pháp lý",
        "Nội thất"
    ],
    "index": [
        "Diện tích",
        "Mức giá",
        "Số phòng ngủ",
        "Số toilet",
        "Pháp lý",
        "Nội thất"
    ],
    "data": [
        [
            1.0,
            -0.430182211,
            -0.158172917,
            -0.0128140025,
            -0.0617024352,
            -0.3773401236
        ],
        [
            -0.430182211,
            1.0,
            0.7265628087,
            0.7582247257,
            0.2021000384,
            -0.283697267
        ],
        [
            -0.158172917,
            0.7265628087,
            1.0,
            0.6978178464,
            0.1252394013,
            -0.3992266254
        ],
        [
            -0.0128140025,
            0.7582247257,
            0.6978178464,
            1.0,
            0.1759538358,
            -0.6642111642
        ],
        [
            -0.0617024352,
            0.2021000384,
            0.1252394013,
            0.1759538358,
            1.0,
            -0.1324532357
        ],
        [
            -0.3773401236,
            -0.283697267,
            -0.3992266254,
            -0.6642111642,
            -0.1324532357,
            1.0
        ]
    ]
}