{
    "columns": [
        "Diện tích",
        "Mức giá",
        "Số phòng ngủ",
        "Số toilet",
        "Pháp lý",
        "Nội thất"
    ],
    "index": [
        "Diện tích",
        "Mức giá",
        "Số phòng ngủ",
        "Số toilet",
        "Pháp lý",
        "Nội thất"
    ],
    "data": [
        [
            1.0,
            -0.667386261,
            0.9133895189,
            0.4170552678,
            0.207477003,
            0.0771770718
        ],
        [
            -0.667386261,
            1.0,
            -0.5178343296,
            -0.555816044,
            -0.0913171867,
            -0.0719970783
        ],
        [
            0.9133895189,
            -0.5178343296,
            1.0,
            0.2403603737,
            0.2588158533,
            0.0824989825
        ],
        [
            0.4170552678,
            -0.555816044,
            0.2403603737,
            1.0,
            0.0622090752,
            -0.0592240657
        ],
        [
            0.207477003,
            -0.0913171867,
            0.2588158533,
            0.0622090752,
            1.0,
            0.1878979921
        ],
        [
            0.0771770718,
            -0.0719970783,
            0.0824989825,
            -0.0592240657,
            0.1878979921,
            1.0
        ]
    ]
}