{
    "columns": [
        "Diện tích",
        "Mức giá",
        "Số phòng ngủ",
        "Số toilet",
        "Pháp lý",
        "Nội thất"
    ],
    "index": [
        "Diện tích",
        "Mức giá",
        "Số phòng ngủ",
        "Số toilet",
        "Pháp lý",
        "Nội thất"
    ],
    "data": [
        [
            1.0,
            0.8831276559,
            0.900124692,
            0.9266037427,
            0.4074554549,
            -0.0616544438
        ],
        [
            0.8831276559,
            1.0,
            0.8803798999,
            0.9434668089,
            0.1207382564,
            0.162830141
        ],
        [
            0.900124692,
            0.8803798999,
            1.0,
            0.9874569485,
            0.2401922307,
            -0.3202563076
        ],
        [
            0.9266037427,
            0.9434668089,
            0.9874569485,
            1.0,
            0.2222222222,
            -0.1666666667
        ],
        [
            0.4074554549,
            0.1207382564,
            0.2401922307,
            0.2222222222,
            1.0,
            -0.1666666667
        ],
        [
            -0.0616544438,
            0.162830141,
            -0.3202563076,
            -0.1666666667,
            -0.1666666667,
            1.0
        ]
    ]
}