{
    "columns": [
        "Diện tích",
        "Mức giá",
        "Số phòng ngủ",
        "Số toilet",
        "Pháp lý",
        "Nội thất"
    ],
    "index": [
        "Diện tích",
        "Mức giá",
        "Số phòng ngủ",
        "Số toilet",
        "Pháp lý",
        "Nội thất"
    ],
    "data": [
        [
            1.0,
            -0.0408134635,
            0.8681403716,
            0.5686205964,
            0.0994858378,
            -0.3997351098
        ],
        [
            -0.0408134635,
            1.0,
            -0.1054603289,
            0.1129391233,
            -0.3560929989,
            -0.2317808029
        ],
        [
            0.8681403716,
            -0.1054603289,
            1.0,
            0.6676503511,
            -0.0572598334,
            -0.343827721
        ],
        [
            0.5686205964,
            0.1129391233,
            0.6676503511,
            1.0,
            0.0180775382,
            -0.4070627505
        ],
        [
            0.0994858378,
            -0.3560929989,
            -0.0572598334,
            0.0180775382,
            1.0,
            -0.1751368792
        ],
        [
            -0.3997351098,
            -0.2317808029,
            -0.343827721,
            -0.4070627505,
            -0.1751368792,
            1.0
        ]
    ]
}