{
    "columns": [
        "Diện tích",
        "Mức giá",
        "Số phòng ngủ",
        "Số toilet",
        "Pháp lý",
        "Nội thất"
    ],
    "index": [
        "Diện tích",
        "Mức giá",
        "Số phòng ngủ",
        "Số toilet",
        "Pháp lý",
        "Nội thất"
    ],
    "data": [
        [
            1.0,
            -0.1349446637,
            0.8750006389,
            0.4546849865,
            0.0292076289,
            -0.5251664596
        ],
        [
            -0.1349446637,
            1.0,
            -0.1166694629,
            0.1154338078,
            -0.6485328868,
            -0.0439659316
        ],
        [
            0.8750006389,
            -0.1166694629,
            1.0,
            0.5679445181,
            -0.0399920024,
            -0.493268623
        ],
        [
            0.4546849865,
            0.1154338078,
            0.5679445181,
            1.0,
            -0.0607332248,
            -0.3438467144
        ],
        [
            0.0292076289,
            -0.6485328868,
            -0.0399920024,
            -0.0607332248,
            1.0,
            -0.0265179934
        ],
        [
            -0.5251664596,
            -0.0439659316,
            -0.493268623,
            -0.3438467144,
            -0.0265179934,
            1.0
        ]
    ]
}