{
    "columns": [
        "Diện tích",
        "Mức giá",
        "Số phòng ngủ",
        "Số toilet",
        "Pháp lý",
        "Nội thất"
    ],
    "index": [
        "Diện tích",
        "Mức giá",
        "Số phòng ngủ",
        "Số toilet",
        "Pháp lý",
        "Nội thất"
    ],
    "data": [
        [
            1.0,
            0.58081755,
            0.9731711923,
            0.9165520117,
            0.3373903671,
            0.2698514541
        ],
        [
            0.58081755,
            1.0,
            0.4992433546,
            0.6228391551,
            -0.1532784165,
            0.1128646587
        ],
        [
            0.9731711923,
            0.4992433546,
            1.0,
            0.9058216273,
            0.4236592729,
            0.0769230769
        ],
        [
            0.9165520117,
            0.6228391551,
            0.9058216273,
            1.0,
            -2.423209939e-16,
            0.2830692585
        ],
        [
            0.3373903671,
            -0.1532784165,
            0.4236592729,
            -2.423209939e-16,
            1.0,
            -0.4236592729
        ],
        [
            0.2698514541,
            0.1128646587,
            0.0769230769,
            0.2830692585,
            -0.4236592729,
            1.0
        ]
    ]
}