{
    "columns": [
        "Diện tích",
        "Mức giá",
        "Số phòng ngủ",
        "Số toilet",
        "Pháp lý",
        "Nội thất"
    ],
    "index": [
        "Diện tích",
        "Mức giá",
        "Số phòng ngủ",
        "Số toilet",
        "Pháp lý",
        "Nội thất"
    ],
    "data": [
        [
            1.0,
            -0.8233699488,
            0.8790775415,
            0.8769915966,
            -0.7152428055,
            -0.2135256139
        ],
        [
            -0.8233699488,
            1.0,
            -0.7284361609,
            -0.719490829,
            0.6712476105,
            0.0916101744
        ],
        [
            0.8790775415,
            -0.7284361609,
            1.0,
            0.7472189789,
            -0.4656306698,
            -0.1988817097
        ],
        [
            0.8769915966,
            -0.719490829,
            0.7472189789,
            1.0,
            -0.5367075713,
            -0.2177253262
        ],
        [
            -0.7152428055,
            0.6712476105,
            -0.4656306698,
            -0.5367075713,
            1.0,
            0.4044013653
        ],
        [
            -0.2135256139,
            0.0916101744,
            -0.1988817097,
            -0.2177253262,
            0.4044013653,
            1.0
        ]
    ]
}