{
    "columns": [
        "Diện tích",
        "Mức giá",
        "Số phòng ngủ",
        "Số toilet",
        "Pháp lý",
        "Nội thất"
    ],
    "index": [
        "Diện tích",
        "Mức giá",
        "Số phòng ngủ",
        "Số toilet",
        "Pháp lý",
        "Nội thất"
    ],
    "data": [
        [
            1.0,
            -0.0460378243,
            0.8743060165,
            0.733398833,
            0.22100904,
            -0.3677730489
        ],
        [
            -0.0460378243,
            1.0,
            0.1482918308,
            0.1922752014,
            -0.2685970976,
            -0.2501620274
        ],
        [
            0.8743060165,
            0.1482918308,
            1.0,
            0.7447849322,
            0.2680554821,
            -0.4499935922
        ],
        [
            0.733398833,
            0.1922752014,
            0.7447849322,
            1.0,
            0.126795397,
            -0.5331243802
        ],
        [
            0.22100904,
            -0.2685970976,
            0.2680554821,
            0.126795397,
            1.0,
            -0.0882352941
        ],
        [
            -0.3677730489,
            -0.2501620274,
            -0.4499935922,
            -0.5331243802,
            -0.0882352941,
            1.0
        ]
    ]
}