{
    "columns": [
        "Diện tích",
        "Mức giá",
        "Số phòng ngủ",
        "Số toilet",
        "Pháp lý",
        "Nội thất"
    ],
    "index": [
        "Diện tích",
        "Mức giá",
        "Số phòng ngủ",
        "Số toilet",
        "Pháp lý",
        "Nội thất"
    ],
    "data": [
        [
            1.0,
            0.7020029368,
            0.7408721744,
            0.8514586241,
            0.4820007941,
            -0.1759602077
        ],
        [
            0.7020029368,
            1.0,
            0.610874181,
            0.7808294346,
            0.6206285244,
            0.3120972172
        ],
        [
            0.7408721744,
            0.610874181,
            1.0,
            0.8562809633,
            0.3205897344,
            0.159971273
        ],
        [
            0.8514586241,
            0.7808294346,
            0.8562809633,
            1.0,
            0.596359926,
            0.1685263244
        ],
        [
            0.4820007941,
            0.6206285244,
            0.3205897344,
            0.596359926,
            1.0,
            0.1758347929
        ],
        [
            -0.1759602077,
            0.3120972172,
            0.159971273,
            0.1685263244,
            0.1758347929,
            1.0
        ]
    ]
}