{
    "columns": [
        "Diện tích",
        "Mức giá",
        "Số phòng ngủ",
        "Số toilet",
        "Pháp lý",
        "Nội thất"
    ],
    "index": [
        "Diện tích",
        "Mức giá",
        "Số phòng ngủ",
        "Số toilet",
        "Pháp lý",
        "Nội thất"
    ],
    "data": [
        [
            1.0,
            -0.3466348049,
            0.7946295442,
            0.9756668838,
            0.8149626375,
            0.5739051559
        ],
        [
            -0.3466348049,
            1.0,
            -0.6642302656,
            -0.4444424325,
            -0.6379955797,
            -0.891585386
        ],
        [
            0.7946295442,
            -0.6642302656,
            1.0,
            0.75,
            0.9594032236,
            0.6087807775
        ],
        [
            0.9756668838,
            -0.4444424325,
            0.75,
            1.0,
            0.78173596,
            0.7024393587
        ],
        [
            0.8149626375,
            -0.6379955797,
            0.9594032236,
            0.78173596,
            1.0,
            0.6190103745
        ],
        [
            0.5739051559,
            -0.891585386,
            0.6087807775,
            0.7024393587,
            0.6190103745,
            1.0
        ]
    ]
}