{
    "columns": [
        "Diện tích",
        "Mức giá",
        "Số phòng ngủ",
        "Số toilet",
        "Pháp lý",
        "Nội thất"
    ],
    "index": [
        "Diện tích",
        "Mức giá",
        "Số phòng ngủ",
        "Số toilet",
        "Pháp lý",
        "Nội thất"
    ],
    "data": [
        [
            1.0,
            -0.7494699899,
            0.9345414354,
            0.7868754999,
            0.5856854005,
            0.5856854005
        ],
        [
            -0.7494699899,
            1.0,
            -0.6195103598,
            -0.3702286555,
            0.0692056338,
            0.0692056338
        ],
        [
            0.9345414354,
            -0.6195103598,
            1.0,
            0.8703882798,
            0.5698028823,
            0.5698028823
        ],
        [
            0.7868754999,
            -0.3702286555,
            0.8703882798,
            1.0,
            0.6546536707,
            0.6546536707
        ],
        [
            0.5856854005,
            0.0692056338,
            0.5698028823,
            0.6546536707,
            1.0,
            1.0
        ],
        [
            0.5856854005,
            0.0692056338,
            0.5698028823,
            0.6546536707,
            1.0,
            1.0
        ]
    ]
}