{
    "columns": [
        "Diện tích",
        "Mức giá",
        "Số phòng ngủ",
        "Số toilet",
        "Pháp lý",
        "Nội thất"
    ],
    "index": [
        "Diện tích",
        "Mức giá",
        "Số phòng ngủ",
        "Số toilet",
        "Pháp lý",
        "Nội thất"
    ],
    "data": [
        [
            1.0,
            -0.3458453821,
            0.2187639791,
            0.1039873025,
            -0.2188396752,
            -0.2835698903
        ],
        [
            -0.3458453821,
            1.0,
            0.7550934187,
            0.7731990156,
            0.4088271983,
            -0.5160110986
        ],
        [
            0.2187639791,
            0.7550934187,
            1.0,
            0.8821397373,
            0.0229961025,
            -0.7655676576
        ],
        [
            0.1039873025,
            0.7731990156,
            0.8821397373,
            1.0,
            0.1861623851,
            -0.7746959574
        ],
        [
            -0.2188396752,
            0.4088271983,
            0.0229961025,
            0.1861623851,
            1.0,
            0.1193232679
        ],
        [
            -0.2835698903,
            -0.5160110986,
            -0.7655676576,
            -0.7746959574,
            0.1193232679,
            1.0
        ]
    ]
}