{
    "columns": [
        "Diện tích",
        "Mức giá",
        "Số phòng ngủ",
        "Số toilet",
        "Pháp lý",
        "Nội thất"
    ],
    "index": [
        "Diện tích",
        "Mức giá",
        "Số phòng ngủ",
        "Số toilet",
        "Pháp lý",
        "Nội thất"
    ],
    "data": [
        [
            1.0,
            0.3563304545,
            0.6983008554,
            0.7002656369,
            -0.0259871506,
            -0.4268504283
        ],
        [
            0.3563304545,
            1.0,
            0.5005178058,
            0.7011218594,
            0.1508762533,
            -0.4486644184
        ],
        [
            0.6983008554,
            0.5005178058,
            1.0,
            0.7592684261,
            0.0161873927,
            -0.5664907071
        ],
        [
            0.7002656369,
            0.7011218594,
            0.7592684261,
            1.0,
            0.0573476599,
            -0.5462135983
        ],
        [
            -0.0259871506,
            0.1508762533,
            0.0161873927,
            0.0573476599,
            1.0,
            0.0014070419
        ],
        [
            -0.4268504283,
            -0.4486644184,
            -0.5664907071,
            -0.5462135983,
            0.0014070419,
            1.0
        ]
    ]
}