{
    "columns": [
        "Diện tích",
        "Mức giá",
        "Số phòng ngủ",
        "Số toilet",
        "Pháp lý",
        "Nội thất"
    ],
    "index": [
        "Diện tích",
        "Mức giá",
        "Số phòng ngủ",
        "Số toilet",
        "Pháp lý",
        "Nội thất"
    ],
    "data": [
        [
            1.0,
            -0.8004869266,
            0.2787759635,
            0.3133921869,
            0.0147651875,
            -0.4496400393
        ],
        [
            -0.8004869266,
            1.0,
            -0.2419518177,
            -0.2081393857,
            0.3502558302,
            0.5826347663
        ],
        [
            0.2787759635,
            -0.2419518177,
            1.0,
            0.9580973433,
            0.3983916058,
            -0.0852098942
        ],
        [
            0.3133921869,
            -0.2081393857,
            0.9580973433,
            1.0,
            0.4187098124,
            -0.0581129133
        ],
        [
            0.0147651875,
            0.3502558302,
            0.3983916058,
            0.4187098124,
            1.0,
            0.1490711985
        ],
        [
            -0.4496400393,
            0.5826347663,
            -0.0852098942,
            -0.0581129133,
            0.1490711985,
            1.0
        ]
    ]
}