{
    "columns": [
        "Diện tích",
        "Mức giá",
        "Số phòng ngủ",
        "Số toilet",
        "Pháp lý",
        "Nội thất"
    ],
    "index": [
        "Diện tích",
        "Mức giá",
        "Số phòng ngủ",
        "Số toilet",
        "Pháp lý",
        "Nội thất"
    ],
    "data": [
        [
            1.0,
            -0.5174158222,
            0.9256913283,
            0.4464307489,
            0.3060648694,
            -0.1678800818
        ],
        [
            -0.5174158222,
            1.0,
            -0.4241903554,
            -0.4233099958,
            -0.0887037532,
            -0.0567182332
        ],
        [
            0.9256913283,
            -0.4241903554,
            1.0,
            0.5,
            0.1712075218,
            -0.2586982388
        ],
        [
            0.4464307489,
            -0.4233099958,
            0.5,
            1.0,
            -2.391735739e-16,
            -6.003311714e-17
        ],
        [
            0.3060648694,
            -0.0887037532,
            0.1712075218,
            -2.391735739e-16,
            1.0,
            0.0849217485
        ],
        [
            -0.1678800818,
            -0.0567182332,
            -0.2586982388,
            -6.003311714e-17,
            0.0849217485,
            1.0
        ]
    ]
}