{
    "columns": [
        "Diện tích",
        "Mức giá",
        "Số phòng ngủ",
        "Số toilet",
        "Pháp lý",
        "Nội thất"
    ],
    "index": [
        "Diện tích",
        "Mức giá",
        "Số phòng ngủ",
        "Số toilet",
        "Pháp lý",
        "Nội thất"
    ],
    "data": [
        [
            1.0,
            0.1378112201,
            0.4186488371,
            0.6008919932,
            0.1156030789,
            0.3439479332
        ],
        [
            0.1378112201,
            1.0,
            0.2615477196,
            -0.0544735178,
            -0.1934409718,
            -0.0272405229
        ],
        [
            0.4186488371,
            0.2615477196,
            1.0,
            0.1280108676,
            -0.1280108676,
            -0.0190386168
        ],
        [
            0.6008919932,
            -0.0544735178,
            0.1280108676,
            1.0,
            0.0384615385,
            0.3146138911
        ],
        [
            0.1156030789,
            -0.1934409718,
            -0.1280108676,
            0.0384615385,
            1.0,
            0.170790398
        ],
        [
            0.3439479332,
            -0.0272405229,
            -0.0190386168,
            0.3146138911,
            0.170790398,
            1.0
        ]
    ]
}