{
    "columns": [
        "Diện tích",
        "Mức giá",
        "Số phòng ngủ",
        "Số toilet",
        "Pháp lý",
        "Nội thất"
    ],
    "index": [
        "Diện tích",
        "Mức giá",
        "Số phòng ngủ",
        "Số toilet",
        "Pháp lý",
        "Nội thất"
    ],
    "data": [
        [
            1.0,
            -0.6900560358,
            0.2887887101,
            0.5915200657,
            0.3673700181,
            -0.1127507885
        ],
        [
            -0.6900560358,
            1.0,
            -0.4062627793,
            -0.2225552426,
            -0.5215436569,
            0.519792581
        ],
        [
            0.2887887101,
            -0.4062627793,
            1.0,
            0.2192645048,
            0.4730499168,
            0.1516740991
        ],
        [
            0.5915200657,
            -0.2225552426,
            0.2192645048,
            1.0,
            0.1348399725,
            0.3026363908
        ],
        [
            0.3673700181,
            -0.5215436569,
            0.4730499168,
            0.1348399725,
            1.0,
            -0.2040374131
        ],
        [
            -0.1127507885,
            0.519792581,
            0.1516740991,
            0.3026363908,
            -0.2040374131,
            1.0
        ]
    ]
}