{
    "columns": [
        "Diện tích",
        "Mức giá",
        "Số phòng ngủ",
        "Số toilet",
        "Pháp lý",
        "Nội thất"
    ],
    "index": [
        "Diện tích",
        "Mức giá",
        "Số phòng ngủ",
        "Số toilet",
        "Pháp lý",
        "Nội thất"
    ],
    "data": [
        [
            1.0,
            -0.111168161,
            0.6640805792,
            0.3058875791,
            -0.183073758,
            -0.1302331856
        ],
        [
            -0.111168161,
            1.0,
            -0.0945802641,
            0.2573132744,
            -0.1491357023,
            0.0618074232
        ],
        [
            0.6640805792,
            -0.0945802641,
            1.0,
            0.3429971703,
            -0.0886968594,
            0.1058018424
        ],
        [
            0.3058875791,
            0.2573132744,
            0.3429971703,
            1.0,
            -0.1318320111,
            0.0362897325
        ],
        [
            -0.183073758,
            -0.1491357023,
            -0.0886968594,
            -0.1318320111,
            1.0,
            0.0166831842
        ],
        [
            -0.1302331856,
            0.0618074232,
            0.1058018424,
            0.0362897325,
            0.0166831842,
            1.0
        ]
    ]
}