{
    "columns": [
        "Diện tích",
        "Mức giá",
        "Số phòng ngủ",
        "Số toilet",
        "Pháp lý",
        "Nội thất"
    ],
    "index": [
        "Diện tích",
        "Mức giá",
        "Số phòng ngủ",
        "Số toilet",
        "Pháp lý",
        "Nội thất"
    ],
    "data": [
        [
            1.0,
            0.9161536026,
            0.9667463803,
            0.9133445226,
            0.3956835636,
            0.0082189464
        ],
        [
            0.9161536026,
            1.0,
            0.9881908556,
            0.9999698901,
            0.5797099347,
            0.0800780707
        ],
        [
            0.9667463803,
            0.9881908556,
            1.0,
            0.9871054777,
            0.5206497918,
            0.0553882757
        ],
        [
            0.9133445226,
            0.9999698901,
            0.9871054777,
            1.0,
            0.581318359,
            0.0830454799
        ],
        [
            0.3956835636,
            0.5797099347,
            0.5206497918,
            0.581318359,
            1.0,
            -0.0344827586
        ],
        [
            0.0082189464,
            0.0800780707,
            0.0553882757,
            0.0830454799,
            -0.0344827586,
            1.0
        ]
    ]
}