{
    "columns": [
        "Diện tích",
        "Mức giá",
        "Số phòng ngủ",
        "Số toilet",
        "Pháp lý",
        "Nội thất"
    ],
    "index": [
        "Diện tích",
        "Mức giá",
        "Số phòng ngủ",
        "Số toilet",
        "Pháp lý",
        "Nội thất"
    ],
    "data": [
        [
            1.0,
            0.6173126892,
            0.9035916527,
            0.8325074487,
            0.2481052478,
            -0.0643251261
        ],
        [
            0.6173126892,
            1.0,
            0.5541624629,
            0.6070447539,
            0.2702493031,
            -0.0051758364
        ],
        [
            0.9035916527,
            0.5541624629,
            1.0,
            0.8801724588,
            0.2580234233,
            -0.1125457675
        ],
        [
            0.8325074487,
            0.6070447539,
            0.8801724588,
            1.0,
            0.4264014327,
            0.0382919791
        ],
        [
            0.2481052478,
            0.2702493031,
            0.2580234233,
            0.4264014327,
            1.0,
            -0.089802651
        ],
        [
            -0.0643251261,
            -0.0051758364,
            -0.1125457675,
            0.0382919791,
            -0.089802651,
            1.0
        ]
    ]
}