{
    "columns": [
        "Diện tích",
        "Mức giá",
        "Số phòng ngủ",
        "Số toilet",
        "Pháp lý",
        "Nội thất"
    ],
    "index": [
        "Diện tích",
        "Mức giá",
        "Số phòng ngủ",
        "Số toilet",
        "Pháp lý",
        "Nội thất"
    ],
    "data": [
        [
            1.0,
            -0.2739780302,
            0.773925345,
            0.6327511566,
            -0.0483688659,
            0.1212709441
        ],
        [
            -0.2739780302,
            1.0,
            -0.1392463465,
            0.0974600631,
            0.5105967509,
            -0.5393615946
        ],
        [
            0.773925345,
            -0.1392463465,
            1.0,
            0.4879500365,
            -0.0509647191,
            0.1428571429
        ],
        [
            0.6327511566,
            0.0974600631,
            0.4879500365,
            1.0,
            0.174077656,
            -0.0975900073
        ],
        [
            -0.0483688659,
            0.5105967509,
            -0.0509647191,
            0.174077656,
            1.0,
            0.2548235957
        ],
        [
            0.1212709441,
            -0.5393615946,
            0.1428571429,
            -0.0975900073,
            0.2548235957,
            1.0
        ]
    ]
}