{
    "columns": [
        "Diện tích",
        "Mức giá",
        "Số phòng ngủ",
        "Số toilet",
        "Pháp lý",
        "Nội thất"
    ],
    "index": [
        "Diện tích",
        "Mức giá",
        "Số phòng ngủ",
        "Số toilet",
        "Pháp lý",
        "Nội thất"
    ],
    "data": [
        [
            1.0,
            0.0862885368,
            0.7299623932,
            0.921385586,
            0.0364905183,
            -0.4470088487
        ],
        [
            0.0862885368,
            1.0,
            -0.246008333,
            0.2532384574,
            0.3128890785,
            0.8521426445
        ],
        [
            0.7299623932,
            -0.246008333,
            1.0,
            0.4082482905,
            -0.4082482905,
            -0.6123724357
        ],
        [
            0.921385586,
            0.2532384574,
            0.4082482905,
            1.0,
            0.25,
            -0.25
        ],
        [
            0.0364905183,
            0.3128890785,
            -0.4082482905,
            0.25,
            1.0,
            0.25
        ],
        [
            -0.4470088487,
            0.8521426445,
            -0.6123724357,
            -0.25,
            0.25,
            1.0
        ]
    ]
}