{
    "columns": [
        "Diện tích",
        "Mức giá",
        "Số phòng ngủ",
        "Số toilet",
        "Pháp lý",
        "Nội thất"
    ],
    "index": [
        "Diện tích",
        "Mức giá",
        "Số phòng ngủ",
        "Số toilet",
        "Pháp lý",
        "Nội thất"
    ],
    "data": [
        [
            1.0,
            -0.8666181765,
            0.9736218466,
            0.7956479607,
            -0.183208412,
            0.7399458661
        ],
        [
            -0.8666181765,
            1.0,
            -0.8444542574,
            -0.7123413311,
            0.1332395082,
            -0.6391990327
        ],
        [
            0.9736218466,
            -0.8444542574,
            1.0,
            0.75,
            0.0,
            0.5669467095
        ],
        [
            0.7956479607,
            -0.7123413311,
            0.75,
            1.0,
            0.125,
            0.6614378278
        ],
        [
            -0.183208412,
            0.1332395082,
            0.0,
            0.125,
            1.0,
            -0.6614378278
        ],
        [
            0.7399458661,
            -0.6391990327,
            0.5669467095,
            0.6614378278,
            -0.6614378278,
            1.0
        ]
    ]
}