{
    "columns": [
        "Diện tích",
        "Mức giá",
        "Số phòng ngủ",
        "Số toilet",
        "Pháp lý",
        "Nội thất"
    ],
    "index": [
        "Diện tích",
        "Mức giá",
        "Số phòng ngủ",
        "Số toilet",
        "Pháp lý",
        "Nội thất"
    ],
    "data": [
        [
            1.0,
            0.2968295496,
            0.6796510222,
            0.5852706022,
            -0.1679398601,
            -0.1306290307
        ],
        [
            0.2968295496,
            1.0,
            0.5218843418,
            0.5768321976,
            0.2320634822,
            -0.2857430412
        ],
        [
            0.6796510222,
            0.5218843418,
            1.0,
            0.817669763,
            -0.3174221456,
            -0.2265435167
        ],
        [
            0.5852706022,
            0.5768321976,
            0.817669763,
            1.0,
            -0.2857427858,
            -0.3908496444
        ],
        [
            -0.1679398601,
            0.2320634822,
            -0.3174221456,
            -0.2857427858,
            1.0,
            -0.0248366157
        ],
        [
            -0.1306290307,
            -0.2857430412,
            -0.2265435167,
            -0.3908496444,
            -0.0248366157,
            1.0
        ]
    ]
}