{
    "columns": [
        "Diện tích",
        "Mức giá",
        "Số phòng ngủ",
        "Số toilet",
        "Pháp lý",
        "Nội thất"
    ],
    "index": [
        "Diện tích",
        "Mức giá",
        "Số phòng ngủ",
        "Số toilet",
        "Pháp lý",
        "Nội thất"
    ],
    "data": [
        [
            1.0,
            -0.4607437254,
            0.4555753028,
            0.6565442939,
            0.3935190118,
            0.4730747644
        ],
        [
            -0.4607437254,
            1.0,
            0.418028512,
            0.1840975571,
            -0.2152556338,
            -0.4033573801
        ],
        [
            0.4555753028,
            0.418028512,
            1.0,
            0.6454972244,
            0.2236067977,
            0.242535625
        ],
        [
            0.6565442939,
            0.1840975571,
            0.6454972244,
            1.0,
            -6.08938184e-16,
            -5.214364699e-17
        ],
        [
            0.3935190118,
            -0.2152556338,
            0.2236067977,
            -6.08938184e-16,
            1.0,
            0.3796283012
        ],
        [
            0.4730747644,
            -0.4033573801,
            0.242535625,
            -5.214364699e-17,
            0.3796283012,
            1.0
        ]
    ]
}