{
    "columns": [
        "Diện tích",
        "Mức giá",
        "Số phòng ngủ",
        "Số toilet",
        "Pháp lý",
        "Nội thất"
    ],
    "index": [
        "Diện tích",
        "Mức giá",
        "Số phòng ngủ",
        "Số toilet",
        "Pháp lý",
        "Nội thất"
    ],
    "data": [
        [
            1.0,
            -0.6962276206,
            0.9774940122,
            0.7527012609,
            -0.0051409296,
            0.4343798263
        ],
        [
            -0.6962276206,
            1.0,
            -0.7800234132,
            -0.6580829153,
            -0.0360453755,
            -0.6767128649
        ],
        [
            0.9774940122,
            -0.7800234132,
            1.0,
            0.8574929257,
            -0.1084652289,
            0.4117647059
        ],
        [
            0.7527012609,
            -0.6580829153,
            0.8574929257,
            1.0,
            -0.316227766,
            0.1714985851
        ],
        [
            -0.0051409296,
            -0.0360453755,
            -0.1084652289,
            -0.316227766,
            1.0,
            0.7592566024
        ],
        [
            0.4343798263,
            -0.6767128649,
            0.4117647059,
            0.1714985851,
            0.7592566024,
            1.0
        ]
    ]
}