{
    "columns": [
        "Diện tích",
        "Mức giá",
        "Số phòng ngủ",
        "Số toilet",
        "Pháp lý",
        "Nội thất"
    ],
    "index": [
        "Diện tích",
        "Mức giá",
        "Số phòng ngủ",
        "Số toilet",
        "Pháp lý",
        "Nội thất"
    ],
    "data": [
        [
            1.0,
            -0.4497347804,
            0.8769366594,
            0.8161443751,
            0.1325313149,
            -0.0197307209
        ],
        [
            -0.4497347804,
            1.0,
            -0.2673977211,
            -0.352188344,
            0.0386360973,
            -0.1886658853
        ],
        [
            0.8769366594,
            -0.2673977211,
            1.0,
            0.7002010644,
            0.1239207161,
            -0.008644472
        ],
        [
            0.8161443751,
            -0.352188344,
            0.7002010644,
            1.0,
            0.2279889765,
            0.0195406772
        ],
        [
            0.1325313149,
            0.0386360973,
            0.1239207161,
            0.2279889765,
            1.0,
            -0.0135156292
        ],
        [
            -0.0197307209,
            -0.1886658853,
            -0.008644472,
            0.0195406772,
            -0.0135156292,
            1.0
        ]
    ]
}