{
    "columns": [
        "Diện tích",
        "Mức giá",
        "Số phòng ngủ",
        "Số toilet",
        "Pháp lý",
        "Nội thất"
    ],
    "index": [
        "Diện tích",
        "Mức giá",
        "Số phòng ngủ",
        "Số toilet",
        "Pháp lý",
        "Nội thất"
    ],
    "data": [
        [
            1.0,
            0.8439451121,
            0.5966089567,
            0.1430375881,
            -0.3683151389,
            -0.5149870828
        ],
        [
            0.8439451121,
            1.0,
            0.1110298557,
            -0.1637415349,
            -0.3249239346,
            -0.730500207
        ],
        [
            0.5966089567,
            0.1110298557,
            1.0,
            0.4352857501,
            -0.3278050341,
            0.1873171623
        ],
        [
            0.1430375881,
            -0.1637415349,
            0.4352857501,
            1.0,
            0.1936491673,
            0.1936491673
        ],
        [
            -0.3683151389,
            -0.3249239346,
            -0.3278050341,
            0.1936491673,
            1.0,
            0.0833333333
        ],
        [
            -0.5149870828,
            -0.730500207,
            0.1873171623,
            0.1936491673,
            0.0833333333,
            1.0
        ]
    ]
}