{
    "columns": [
        "Diện tích",
        "Mức giá",
        "Số phòng ngủ",
        "Số toilet",
        "Pháp lý",
        "Nội thất"
    ],
    "index": [
        "Diện tích",
        "Mức giá",
        "Số phòng ngủ",
        "Số toilet",
        "Pháp lý",
        "Nội thất"
    ],
    "data": [
        [
            1.0,
            -0.2398643078,
            0.8344774835,
            0.4420437801,
            -0.1005218327,
            0.2108117625
        ],
        [
            -0.2398643078,
            1.0,
            0.2847539909,
            0.5483532149,
            -0.045113473,
            -0.0465157357
        ],
        [
            0.8344774835,
            0.2847539909,
            1.0,
            0.7023346304,
            -0.0977279925,
            0.1703798265
        ],
        [
            0.4420437801,
            0.5483532149,
            0.7023346304,
            1.0,
            -0.2823253117,
            0.2082420102
        ],
        [
            -0.1005218327,
            -0.045113473,
            -0.0977279925,
            -0.2823253117,
            1.0,
            0.1056611297
        ],
        [
            0.2108117625,
            -0.0465157357,
            0.1703798265,
            0.2082420102,
            0.1056611297,
            1.0
        ]
    ]
}