{
    "columns": [
        "Diện tích",
        "Mức giá",
        "Số phòng ngủ",
        "Số toilet",
        "Pháp lý",
        "Nội thất"
    ],
    "index": [
        "Diện tích",
        "Mức giá",
        "Số phòng ngủ",
        "Số toilet",
        "Pháp lý",
        "Nội thất"
    ],
    "data": [
        [
            1.0,
            0.1429951465,
            0.2536571973,
            0.2292445999,
            0.0533916798,
            -0.1112489346
        ],
        [
            0.1429951465,
            1.0,
            0.2045427885,
            -0.05909794,
            -0.4529772421,
            -0.3381992439
        ],
        [
            0.2536571973,
            0.2045427885,
            1.0,
            0.4308603312,
            0.0063725299,
            -0.1756620131
        ],
        [
            0.2292445999,
            -0.05909794,
            0.4308603312,
            1.0,
            0.1952196797,
            0.1157275125
        ],
        [
            0.0533916798,
            -0.4529772421,
            0.0063725299,
            0.1952196797,
            1.0,
            0.4197792852
        ],
        [
            -0.1112489346,
            -0.3381992439,
            -0.1756620131,
            0.1157275125,
            0.4197792852,
            1.0
        ]
    ]
}