{
    "columns": [
        "Diện tích",
        "Mức giá",
        "Số phòng ngủ",
        "Số toilet",
        "Pháp lý",
        "Nội thất"
    ],
    "index": [
        "Diện tích",
        "Mức giá",
        "Số phòng ngủ",
        "Số toilet",
        "Pháp lý",
        "Nội thất"
    ],
    "data": [
        [
            1.0,
            0.0693704023,
            0.2100726816,
            0.2013650832,
            0.0486801303,
            -0.075865749
        ],
        [
            0.0693704023,
            1.0,
            0.2411516377,
            -0.0258138917,
            -0.4271348017,
            -0.3636047161
        ],
        [
            0.2100726816,
            0.2411516377,
            1.0,
            0.4393412045,
            0.0089349051,
            -0.1954783343
        ],
        [
            0.2013650832,
            -0.0258138917,
            0.4393412045,
            1.0,
            0.1958465596,
            0.0988786515
        ],
        [
            0.0486801303,
            -0.4271348017,
            0.0089349051,
            0.1958465596,
            1.0,
            0.4126408074
        ],
        [
            -0.075865749,
            -0.3636047161,
            -0.1954783343,
            0.0988786515,
            0.4126408074,
            1.0
        ]
    ]
}