{
    "columns": [
        "Diện tích",
        "Mức giá",
        "Số phòng ngủ",
        "Số toilet",
        "Pháp lý",
        "Nội thất"
    ],
    "index": [
        "Diện tích",
        "Mức giá",
        "Số phòng ngủ",
        "Số toilet",
        "Pháp lý",
        "Nội thất"
    ],
    "data": [
        [
            1.0,
            0.5403129385,
            0.2761047575,
            0.6237111366,
            0.0477103652,
            0.0680623781
        ],
        [
            0.5403129385,
            1.0,
            0.6813065265,
            0.7902797997,
            0.2437524901,
            0.192183689
        ],
        [
            0.2761047575,
            0.6813065265,
            1.0,
            0.6977599062,
            0.0050007502,
            0.0061199373
        ],
        [
            0.6237111366,
            0.7902797997,
            0.6977599062,
            1.0,
            0.10345212,
            0.0126605102
        ],
        [
            0.0477103652,
            0.2437524901,
            0.0050007502,
            0.10345212,
            1.0,
            0.2071052662
        ],
        [
            0.0680623781,
            0.192183689,
            0.0061199373,
            0.0126605102,
            0.2071052662,
            1.0
        ]
    ]
}