{
    "columns": [
        "Diện tích",
        "Mức giá",
        "Số phòng ngủ",
        "Số toilet",
        "Pháp lý",
        "Nội thất"
    ],
    "index": [
        "Diện tích",
        "Mức giá",
        "Số phòng ngủ",
        "Số toilet",
        "Pháp lý",
        "Nội thất"
    ],
    "data": [
        [
            1.0,
            -0.0174318947,
            0.0540204469,
            0.0576001116,
            3.2887e-05,
            0.0098677622
        ],
        [
            -0.0174318947,
            1.0,
            0.1482537743,
            0.2056618215,
            0.1069919731,
            0.0519153213
        ],
        [
            0.0540204469,
            0.1482537743,
            1.0,
            0.8974073378,
            0.0527184239,
            0.0965515307
        ],
        [
            0.0576001116,
            0.2056618215,
            0.8974073378,
            1.0,
            0.060304976,
            0.1091842825
        ],
        [
            3.2887e-05,
            0.1069919731,
            0.0527184239,
            0.060304976,
            1.0,
            0.0320321687
        ],
        [
            0.0098677622,
            0.0519153213,
            0.0965515307,
            0.1091842825,
            0.0320321687,
            1.0
        ]
    ]
}