{
    "columns": [
        "Diện tích",
        "Mức giá",
        "Số phòng ngủ",
        "Số toilet",
        "Pháp lý",
        "Nội thất"
    ],
    "index": [
        "Diện tích",
        "Mức giá",
        "Số phòng ngủ",
        "Số toilet",
        "Pháp lý",
        "Nội thất"
    ],
    "data": [
        [
            1.0,
            -0.0194841305,
            0.0592220569,
            0.0588186799,
            -2.50687e-05,
            0.0097978529
        ],
        [
            -0.0194841305,
            1.0,
            0.1690730722,
            0.2131880501,
            0.1055148903,
            0.0543483203
        ],
        [
            0.0592220569,
            0.1690730722,
            1.0,
            0.9500697904,
            0.0557688937,
            0.09179259
        ],
        [
            0.0588186799,
            0.2131880501,
            0.9500697904,
            1.0,
            0.0615803213,
            0.1017071556
        ],
        [
            -2.50687e-05,
            0.1055148903,
            0.0557688937,
            0.0615803213,
            1.0,
            0.0384143704
        ],
        [
            0.0097978529,
            0.0543483203,
            0.09179259,
            0.1017071556,
            0.0384143704,
            1.0
        ]
    ]
}