{
    "columns": [
        "Diện tích",
        "Mức giá",
        "Số phòng ngủ",
        "Số toilet",
        "Pháp lý",
        "Nội thất"
    ],
    "index": [
        "Diện tích",
        "Mức giá",
        "Số phòng ngủ",
        "Số toilet",
        "Pháp lý",
        "Nội thất"
    ],
    "data": [
        [
            1.0,
            0.4195076831,
            0.8765081514,
            0.2195515039,
            0.0534261101,
            -0.1851354191
        ],
        [
            0.4195076831,
            1.0,
            0.3439471699,
            -0.2241620843,
            0.5026167131,
            0.1113334092
        ],
        [
            0.8765081514,
            0.3439471699,
            1.0,
            0.3732806215,
            0.090797989,
            -0.0804309778
        ],
        [
            0.2195515039,
            -0.2241620843,
            0.3732806215,
            1.0,
            -0.12,
            -0.1913378412
        ],
        [
            0.0534261101,
            0.5026167131,
            0.090797989,
            -0.12,
            1.0,
            0.2551171217
        ],
        [
            -0.1851354191,
            0.1113334092,
            -0.0804309778,
            -0.1913378412,
            0.2551171217,
            1.0
        ]
    ]
}