{
    "columns": [
        "Diện tích",
        "Mức giá",
        "Số phòng ngủ",
        "Số toilet",
        "Pháp lý",
        "Nội thất"
    ],
    "index": [
        "Diện tích",
        "Mức giá",
        "Số phòng ngủ",
        "Số toilet",
        "Pháp lý",
        "Nội thất"
    ],
    "data": [
        [
            1.0,
            0.202198189,
            0.4198108218,
            0.3486589484,
            -0.0226662921,
            -0.2160683798
        ],
        [
            0.202198189,
            1.0,
            0.8795818216,
            0.9201207613,
            0.0852606899,
            -0.0839792461
        ],
        [
            0.4198108218,
            0.8795818216,
            1.0,
            0.9115262326,
            0.0513547927,
            -0.039963128
        ],
        [
            0.3486589484,
            0.9201207613,
            0.9115262326,
            1.0,
            0.0282954742,
            -0.0528802133
        ],
        [
            -0.0226662921,
            0.0852606899,
            0.0513547927,
            0.0282954742,
            1.0,
            -0.0584115628
        ],
        [
            -0.2160683798,
            -0.0839792461,
            -0.039963128,
            -0.0528802133,
            -0.0584115628,
            1.0
        ]
    ]
}