{
    "columns": [
        "Diện tích",
        "Mức giá",
        "Số phòng ngủ",
        "Số toilet",
        "Pháp lý",
        "Nội thất"
    ],
    "index": [
        "Diện tích",
        "Mức giá",
        "Số phòng ngủ",
        "Số toilet",
        "Pháp lý",
        "Nội thất"
    ],
    "data": [
        [
            1.0,
            0.8659594343,
            0.8377743848,
            0.7530215907,
            0.1173215868,
            0.2627591572
        ],
        [
            0.8659594343,
            1.0,
            0.8058667624,
            0.8903352916,
            0.2082426146,
            0.2364965941
        ],
        [
            0.8377743848,
            0.8058667624,
            1.0,
            0.8338599849,
            0.0384615385,
            0.3000285415
        ],
        [
            0.7530215907,
            0.8903352916,
            0.8338599849,
            1.0,
            0.1348793442,
            0.16639375
        ],
        [
            0.1173215868,
            0.2082426146,
            0.0384615385,
            0.1348793442,
            1.0,
            0.0724206824
        ],
        [
            0.2627591572,
            0.2364965941,
            0.3000285415,
            0.16639375,
            0.0724206824,
            1.0
        ]
    ]
}