{
    "columns": [
        "Diện tích",
        "Mức giá",
        "Số phòng ngủ",
        "Số toilet",
        "Pháp lý",
        "Nội thất"
    ],
    "index": [
        "Diện tích",
        "Mức giá",
        "Số phòng ngủ",
        "Số toilet",
        "Pháp lý",
        "Nội thất"
    ],
    "data": [
        [
            1.0,
            0.4871023849,
            0.5834461403,
            0.9026641467,
            0.0202970004,
            -0.3096046166
        ],
        [
            0.4871023849,
            1.0,
            0.870215963,
            0.72080289,
            0.145367455,
            -0.6009831016
        ],
        [
            0.5834461403,
            0.870215963,
            1.0,
            0.8620813063,
            -0.0338642731,
            -0.4356757397
        ],
        [
            0.9026641467,
            0.72080289,
            0.8620813063,
            1.0,
            0.0594788689,
            -0.3953618538
        ],
        [
            0.0202970004,
            0.145367455,
            -0.0338642731,
            0.0594788689,
            1.0,
            -0.3752393872
        ],
        [
            -0.3096046166,
            -0.6009831016,
            -0.4356757397,
            -0.3953618538,
            -0.3752393872,
            1.0
        ]
    ]
}