{
    "columns": [
        "Diện tích",
        "Mức giá",
        "Số phòng ngủ",
        "Số toilet",
        "Pháp lý",
        "Nội thất"
    ],
    "index": [
        "Diện tích",
        "Mức giá",
        "Số phòng ngủ",
        "Số toilet",
        "Pháp lý",
        "Nội thất"
    ],
    "data": [
        [
            1.0,
            -0.3455804472,
            0.2388107029,
            0.3341510219,
            0.1099055299,
            -0.0884178204
        ],
        [
            -0.3455804472,
            1.0,
            -0.3132095798,
            -0.1864940077,
            0.0651403766,
            -0.3000474853
        ],
        [
            0.2388107029,
            -0.3132095798,
            1.0,
            0.6307889796,
            -0.072547625,
            -0.1777046633
        ],
        [
            0.3341510219,
            -0.1864940077,
            0.6307889796,
            1.0,
            -0.2415229458,
            -0.0845154255
        ],
        [
            0.1099055299,
            0.0651403766,
            -0.072547625,
            -0.2415229458,
            1.0,
            -0.6123724357
        ],
        [
            -0.0884178204,
            -0.3000474853,
            -0.1777046633,
            -0.0845154255,
            -0.6123724357,
            1.0
        ]
    ]
}