{
    "columns": [
        "Diện tích",
        "Mức giá",
        "Số phòng ngủ",
        "Số toilet",
        "Pháp lý",
        "Nội thất"
    ],
    "index": [
        "Diện tích",
        "Mức giá",
        "Số phòng ngủ",
        "Số toilet",
        "Pháp lý",
        "Nội thất"
    ],
    "data": [
        [
            1.0,
            0.5198768166,
            0.5190735872,
            0.4680268554,
            0.0857297069,
            -0.1745684935
        ],
        [
            0.5198768166,
            1.0,
            0.4729130809,
            0.5265500065,
            0.1092063166,
            -0.1196597156
        ],
        [
            0.5190735872,
            0.4729130809,
            1.0,
            0.9582532412,
            0.0803448341,
            0.0024398135
        ],
        [
            0.4680268554,
            0.5265500065,
            0.9582532412,
            1.0,
            0.0559686137,
            -0.0407900711
        ],
        [
            0.0857297069,
            0.1092063166,
            0.0803448341,
            0.0559686137,
            1.0,
            0.1998768319
        ],
        [
            -0.1745684935,
            -0.1196597156,
            0.0024398135,
            -0.0407900711,
            0.1998768319,
            1.0
        ]
    ]
}