{
    "columns": [
        "Diện tích",
        "Mức giá",
        "Số phòng ngủ",
        "Số toilet",
        "Pháp lý",
        "Nội thất"
    ],
    "index": [
        "Diện tích",
        "Mức giá",
        "Số phòng ngủ",
        "Số toilet",
        "Pháp lý",
        "Nội thất"
    ],
    "data": [
        [
            1.0,
            0.6577189718,
            0.1838694937,
            0.3905585455,
            0.2072797531,
            0.0366856122
        ],
        [
            0.6577189718,
            1.0,
            0.2205153149,
            0.4964516741,
            0.1826626495,
            -0.4577752256
        ],
        [
            0.1838694937,
            0.2205153149,
            1.0,
            0.4125684985,
            3.956261125e-17,
            -0.4082482905
        ],
        [
            0.3905585455,
            0.4964516741,
            0.4125684985,
            1.0,
            0.2756589232,
            0.0842151921
        ],
        [
            0.2072797531,
            0.1826626495,
            3.956261125e-17,
            0.2756589232,
            1.0,
            -0.2182178902
        ],
        [
            0.0366856122,
            -0.4577752256,
            -0.4082482905,
            0.0842151921,
            -0.2182178902,
            1.0
        ]
    ]
}