{
    "columns": [
        "Diện tích",
        "Mức giá",
        "Số phòng ngủ",
        "Số toilet",
        "Pháp lý",
        "Nội thất"
    ],
    "index": [
        "Diện tích",
        "Mức giá",
        "Số phòng ngủ",
        "Số toilet",
        "Pháp lý",
        "Nội thất"
    ],
    "data": [
        [
            1.0,
            0.4965885618,
            -0.2457641052,
            0.2627668283,
            0.0984212782,
            -0.0931496606
        ],
        [
            0.4965885618,
            1.0,
            -0.1289754547,
            0.003733673,
            -0.3036414867,
            -0.1307714804
        ],
        [
            -0.2457641052,
            -0.1289754547,
            1.0,
            -0.377964473,
            -0.0476190476,
            -0.1690308509
        ],
        [
            0.2627668283,
            0.003733673,
            -0.377964473,
            1.0,
            0.377964473,
            4.965068306e-17
        ],
        [
            0.0984212782,
            -0.3036414867,
            -0.0476190476,
            0.377964473,
            1.0,
            0.1690308509
        ],
        [
            -0.0931496606,
            -0.1307714804,
            -0.1690308509,
            4.965068306e-17,
            0.1690308509,
            1.0
        ]
    ]
}