{
    "columns": [
        "Diện tích",
        "Mức giá",
        "Số phòng ngủ",
        "Số toilet",
        "Pháp lý",
        "Nội thất"
    ],
    "index": [
        "Diện tích",
        "Mức giá",
        "Số phòng ngủ",
        "Số toilet",
        "Pháp lý",
        "Nội thất"
    ],
    "data": [
        [
            1.0,
            0.7800149488,
            0.2360387921,
            0.3359967393,
            0.407339253,
            0.407339253
        ],
        [
            0.7800149488,
            1.0,
            0.7921929379,
            0.8514635928,
            0.5737640926,
            0.5737640926
        ],
        [
            0.2360387921,
            0.7921929379,
            1.0,
            0.9945577827,
            0.4937419311,
            0.4937419311
        ],
        [
            0.3359967393,
            0.8514635928,
            0.9945577827,
            1.0,
            0.5222329679,
            0.5222329679
        ],
        [
            0.407339253,
            0.5737640926,
            0.4937419311,
            0.5222329679,
            1.0,
            -0.3333333333
        ],
        [
            0.407339253,
            0.5737640926,
            0.4937419311,
            0.5222329679,
            -0.3333333333,
            1.0
        ]
    ]
}