{
    "columns": [
        "Diện tích",
        "Mức giá",
        "Số phòng ngủ",
        "Số toilet",
        "Pháp lý",
        "Nội thất"
    ],
    "index": [
        "Diện tích",
        "Mức giá",
        "Số phòng ngủ",
        "Số toilet",
        "Pháp lý",
        "Nội thất"
    ],
    "data": [
        [
            1.0,
            0.1875087916,
            0.9712356133,
            0.9935652158,
            0.5067808406,
            0.2006290091
        ],
        [
            0.1875087916,
            1.0,
            0.2538137079,
            0.1858057671,
            0.0837143615,
            -0.075140432
        ],
        [
            0.9712356133,
            0.2538137079,
            1.0,
            0.9696899027,
            0.4249670751,
            0.0461757097
        ],
        [
            0.9935652158,
            0.1858057671,
            0.9696899027,
            1.0,
            0.5378528742,
            0.2142857143
        ],
        [
            0.5067808406,
            0.0837143615,
            0.4249670751,
            0.5378528742,
            1.0,
            0.5976143047
        ],
        [
            0.2006290091,
            -0.075140432,
            0.0461757097,
            0.2142857143,
            0.5976143047,
            1.0
        ]
    ]
}