{
    "columns": [
        "Diện tích",
        "Mức giá",
        "Số phòng ngủ",
        "Số toilet",
        "Pháp lý",
        "Nội thất"
    ],
    "index": [
        "Diện tích",
        "Mức giá",
        "Số phòng ngủ",
        "Số toilet",
        "Pháp lý",
        "Nội thất"
    ],
    "data": [
        [
            1.0,
            0.1659219707,
            0.5076334663,
            0.6861336614,
            0.1969527469,
            0.3318588885
        ],
        [
            0.1659219707,
            1.0,
            -0.4090639864,
            -0.0119797994,
            0.4084187765,
            0.002004557
        ],
        [
            0.5076334663,
            -0.4090639864,
            1.0,
            0.6666666667,
            0.2857142857,
            0.1626500122
        ],
        [
            0.6861336614,
            -0.0119797994,
            0.6666666667,
            1.0,
            0.1904761905,
            0.4879500365
        ],
        [
            0.1969527469,
            0.4084187765,
            0.2857142857,
            0.1904761905,
            1.0,
            -0.1626500122
        ],
        [
            0.3318588885,
            0.002004557,
            0.1626500122,
            0.4879500365,
            -0.1626500122,
            1.0
        ]
    ]
}