{
    "columns": [
        "Diện tích",
        "Mức giá",
        "Số phòng ngủ",
        "Số toilet",
        "Pháp lý",
        "Nội thất"
    ],
    "index": [
        "Diện tích",
        "Mức giá",
        "Số phòng ngủ",
        "Số toilet",
        "Pháp lý",
        "Nội thất"
    ],
    "data": [
        [
            1.0,
            0.2998246952,
            0.9060723213,
            0.7555425669,
            -0.0807603796,
            -0.1645656521
        ],
        [
            0.2998246952,
            1.0,
            0.3050788521,
            0.4700619817,
            -0.0788658144,
            -0.1125408425
        ],
        [
            0.9060723213,
            0.3050788521,
            1.0,
            0.9058216273,
            -0.186989398,
            -0.0529420924
        ],
        [
            0.7555425669,
            0.4700619817,
            0.9058216273,
            1.0,
            -0.220192753,
            -0.1039048667
        ],
        [
            -0.0807603796,
            -0.0788658144,
            -0.186989398,
            -0.220192753,
            1.0,
            0.0772169579
        ],
        [
            -0.1645656521,
            -0.1125408425,
            -0.0529420924,
            -0.1039048667,
            0.0772169579,
            1.0
        ]
    ]
}