{
    "columns": [
        "Diện tích",
        "Mức giá",
        "Số phòng ngủ",
        "Số toilet",
        "Pháp lý",
        "Nội thất"
    ],
    "index": [
        "Diện tích",
        "Mức giá",
        "Số phòng ngủ",
        "Số toilet",
        "Pháp lý",
        "Nội thất"
    ],
    "data": [
        [
            1.0,
            0.5496236428,
            0.9799219087,
            0.931475575,
            -0.4940501555,
            -0.4730170742
        ],
        [
            0.5496236428,
            1.0,
            0.5544846525,
            0.4405035419,
            -0.548675921,
            -0.2157603043
        ],
        [
            0.9799219087,
            0.5544846525,
            1.0,
            0.9405340479,
            -0.4768278493,
            -0.4805349316
        ],
        [
            0.931475575,
            0.4405035419,
            0.9405340479,
            1.0,
            -0.4194400939,
            -0.3515040184
        ],
        [
            -0.4940501555,
            -0.548675921,
            -0.4768278493,
            -0.4194400939,
            1.0,
            0.0585054254
        ],
        [
            -0.4730170742,
            -0.2157603043,
            -0.4805349316,
            -0.3515040184,
            0.0585054254,
            1.0
        ]
    ]
}