{
    "columns": [
        "Diện tích",
        "Mức giá",
        "Số phòng ngủ",
        "Số toilet",
        "Pháp lý",
        "Nội thất"
    ],
    "index": [
        "Diện tích",
        "Mức giá",
        "Số phòng ngủ",
        "Số toilet",
        "Pháp lý",
        "Nội thất"
    ],
    "data": [
        [
            1.0,
            0.3097791022,
            0.9742138687,
            0.7336817073,
            0.0384708933,
            0.2585766182
        ],
        [
            0.3097791022,
            1.0,
            0.236155615,
            -0.0140202638,
            -0.0551296761,
            -0.7410790567
        ],
        [
            0.9742138687,
            0.236155615,
            1.0,
            0.8660254038,
            0.0,
            0.2738612788
        ],
        [
            0.7336817073,
            -0.0140202638,
            0.8660254038,
            1.0,
            7.850462293e-17,
            0.316227766
        ],
        [
            0.0384708933,
            -0.0551296761,
            0.0,
            7.850462293e-17,
            1.0,
            0.4472135955
        ],
        [
            0.2585766182,
            -0.7410790567,
            0.2738612788,
            0.316227766,
            0.4472135955,
            1.0
        ]
    ]
}