{
    "columns": [
        "Diện tích",
        "Mức giá",
        "Số phòng ngủ",
        "Số toilet",
        "Pháp lý",
        "Nội thất"
    ],
    "index": [
        "Diện tích",
        "Mức giá",
        "Số phòng ngủ",
        "Số toilet",
        "Pháp lý",
        "Nội thất"
    ],
    "data": [
        [
            1.0,
            -0.2043889201,
            0.8944395629,
            0.885817508,
            0.231995797,
            0.0383757869
        ],
        [
            -0.2043889201,
            1.0,
            0.0450658977,
            -0.0851331507,
            -0.2415727749,
            -0.3323030673
        ],
        [
            0.8944395629,
            0.0450658977,
            1.0,
            0.930757842,
            0.1233300683,
            -0.023612899
        ],
        [
            0.885817508,
            -0.0851331507,
            0.930757842,
            1.0,
            0.1497134422,
            0.1591362102
        ],
        [
            0.231995797,
            -0.2415727749,
            0.1233300683,
            0.1497134422,
            1.0,
            0.1166952308
        ],
        [
            0.0383757869,
            -0.3323030673,
            -0.023612899,
            0.1591362102,
            0.1166952308,
            1.0
        ]
    ]
}