{
    "columns": [
        "Diện tích",
        "Mức giá",
        "Số phòng ngủ",
        "Số toilet",
        "Pháp lý",
        "Nội thất"
    ],
    "index": [
        "Diện tích",
        "Mức giá",
        "Số phòng ngủ",
        "Số toilet",
        "Pháp lý",
        "Nội thất"
    ],
    "data": [
        [
            1.0,
            0.5974552609,
            0.7365715218,
            0.8811095458,
            0.0734384395,
            0.2264048181
        ],
        [
            0.5974552609,
            1.0,
            0.3975519451,
            0.481542361,
            0.2866772052,
            0.2799922538
        ],
        [
            0.7365715218,
            0.3975519451,
            1.0,
            0.6928637719,
            -0.0595914118,
            0.2222502223
        ],
        [
            0.8811095458,
            0.481542361,
            0.6928637719,
            1.0,
            -0.2021568438,
            0.0461606752
        ],
        [
            0.0734384395,
            0.2866772052,
            -0.0595914118,
            -0.2021568438,
            1.0,
            0.4480325187
        ],
        [
            0.2264048181,
            0.2799922538,
            0.2222502223,
            0.0461606752,
            0.4480325187,
            1.0
        ]
    ]
}