{
    "columns": [
        "Diện tích",
        "Mức giá",
        "Số phòng ngủ",
        "Số toilet",
        "Pháp lý",
        "Nội thất"
    ],
    "index": [
        "Diện tích",
        "Mức giá",
        "Số phòng ngủ",
        "Số toilet",
        "Pháp lý",
        "Nội thất"
    ],
    "data": [
        [
            1.0,
            0.9068695875,
            0.7456011351,
            0.6875,
            -1.0,
            -0.9061030445
        ],
        [
            0.9068695875,
            1.0,
            0.5865242685,
            0.6126190889,
            -0.9068695875,
            -0.7569259564
        ],
        [
            0.7456011351,
            0.5865242685,
            1.0,
            0.8029550685,
            -0.7456011351,
            -0.7581297815
        ],
        [
            0.6875,
            0.6126190889,
            0.8029550685,
            1.0,
            -0.6875,
            -0.7728525968
        ],
        [
            -1.0,
            -0.9068695875,
            -0.7456011351,
            -0.6875,
            1.0,
            0.9061030445
        ],
        [
            -0.9061030445,
            -0.7569259564,
            -0.7581297815,
            -0.7728525968,
            0.9061030445,
            1.0
        ]
    ]
}