{
    "columns": [
        "Diện tích",
        "Mức giá",
        "Số phòng ngủ",
        "Số toilet",
        "Pháp lý",
        "Nội thất"
    ],
    "index": [
        "Diện tích",
        "Mức giá",
        "Số phòng ngủ",
        "Số toilet",
        "Pháp lý",
        "Nội thất"
    ],
    "data": [
        [
            1.0,
            0.924487166,
            0.7886679185,
            0.6807449402,
            0.4571886814,
            0.3232812169
        ],
        [
            0.924487166,
            1.0,
            0.7492104509,
            0.3821175482,
            0.3169037356,
            0.198375309
        ],
        [
            0.7886679185,
            0.7492104509,
            1.0,
            0.4166666667,
            -0.0468292906,
            -0.0993399268
        ],
        [
            0.6807449402,
            0.3821175482,
            0.4166666667,
            1.0,
            0.6087807775,
            0.5960395607
        ],
        [
            0.4571886814,
            0.3169037356,
            -0.0468292906,
            0.6087807775,
            1.0,
            0.688498708
        ],
        [
            0.3232812169,
            0.198375309,
            -0.0993399268,
            0.5960395607,
            0.688498708,
            1.0
        ]
    ]
}