{
    "columns": [
        "Diện tích",
        "Mức giá",
        "Số phòng ngủ",
        "Số toilet",
        "Pháp lý",
        "Nội thất"
    ],
    "index": [
        "Diện tích",
        "Mức giá",
        "Số phòng ngủ",
        "Số toilet",
        "Pháp lý",
        "Nội thất"
    ],
    "data": [
        [
            1.0,
            0.2500458408,
            -0.0629806204,
            -0.1554858326,
            0.7808180502,
            -0.0662466687
        ],
        [
            0.2500458408,
            1.0,
            0.449389028,
            0.3155327201,
            0.0680137625,
            -0.2297746991
        ],
        [
            -0.0629806204,
            0.449389028,
            1.0,
            0.8362785542,
            0.150093838,
            0.4859126579
        ],
        [
            -0.1554858326,
            0.3155327201,
            0.8362785542,
            1.0,
            0.08014439,
            0.5952291104
        ],
        [
            0.7808180502,
            0.0680137625,
            0.150093838,
            0.08014439,
            1.0,
            0.0729324957
        ],
        [
            -0.0662466687,
            -0.2297746991,
            0.4859126579,
            0.5952291104,
            0.0729324957,
            1.0
        ]
    ]
}