{
    "columns": [
        "Diện tích",
        "Mức giá",
        "Số phòng ngủ",
        "Số toilet",
        "Pháp lý",
        "Nội thất"
    ],
    "index": [
        "Diện tích",
        "Mức giá",
        "Số phòng ngủ",
        "Số toilet",
        "Pháp lý",
        "Nội thất"
    ],
    "data": [
        [
            1.0,
            -0.2151246711,
            0.6930730897,
            0.9947249711,
            -0.879740881,
            0.0905398761
        ],
        [
            -0.2151246711,
            1.0,
            0.0333368272,
            -0.2453648988,
            0.0049191351,
            -0.5992283999
        ],
        [
            0.6930730897,
            0.0333368272,
            1.0,
            0.6204366813,
            -0.4414147946,
            -0.4414147946
        ],
        [
            0.9947249711,
            -0.2453648988,
            0.6204366813,
            1.0,
            -0.8849846507,
            0.1561737619
        ],
        [
            -0.879740881,
            0.0049191351,
            -0.4414147946,
            -0.8849846507,
            1.0,
            -0.1111111111
        ],
        [
            0.0905398761,
            -0.5992283999,
            -0.4414147946,
            0.1561737619,
            -0.1111111111,
            1.0
        ]
    ]
}