{
    "columns": [
        "Diện tích",
        "Mức giá",
        "Số phòng ngủ",
        "Số toilet",
        "Pháp lý",
        "Nội thất"
    ],
    "index": [
        "Diện tích",
        "Mức giá",
        "Số phòng ngủ",
        "Số toilet",
        "Pháp lý",
        "Nội thất"
    ],
    "data": [
        [
            1.0,
            -0.4389555776,
            0.164546157,
            0.0636423458,
            -0.1385519852,
            0.5319690029
        ],
        [
            -0.4389555776,
            1.0,
            0.7585442343,
            0.8594585335,
            -0.0422876573,
            -0.5202821667
        ],
        [
            0.164546157,
            0.7585442343,
            1.0,
            0.9256379772,
            -0.095636507,
            -0.1814575137
        ],
        [
            0.0636423458,
            0.8594585335,
            0.9256379772,
            1.0,
            -0.146647115,
            -0.2782433375
        ],
        [
            -0.1385519852,
            -0.0422876573,
            -0.095636507,
            -0.146647115,
            1.0,
            -0.158113883
        ],
        [
            0.5319690029,
            -0.5202821667,
            -0.1814575137,
            -0.2782433375,
            -0.158113883,
            1.0
        ]
    ]
}