{
    "columns": [
        "Diện tích",
        "Mức giá",
        "Số phòng ngủ",
        "Số toilet",
        "Pháp lý",
        "Nội thất"
    ],
    "index": [
        "Diện tích",
        "Mức giá",
        "Số phòng ngủ",
        "Số toilet",
        "Pháp lý",
        "Nội thất"
    ],
    "data": [
        [
            1.0,
            0.5372786032,
            0.5877822144,
            0.7536124038,
            0.3879908219,
            0.0480393302
        ],
        [
            0.5372786032,
            1.0,
            0.6663826877,
            0.7523959322,
            0.4342341455,
            0.125605104
        ],
        [
            0.5877822144,
            0.6663826877,
            1.0,
            0.938471505,
            0.6237951349,
            0.0967301667
        ],
        [
            0.7536124038,
            0.7523959322,
            0.938471505,
            1.0,
            0.6670514671,
            0.0701627759
        ],
        [
            0.3879908219,
            0.4342341455,
            0.6237951349,
            0.6670514671,
            1.0,
            0.3642463982
        ],
        [
            0.0480393302,
            0.125605104,
            0.0967301667,
            0.0701627759,
            0.3642463982,
            1.0
        ]
    ]
}