{
    "columns": [
        "Diện tích",
        "Mức giá",
        "Số phòng ngủ",
        "Số toilet",
        "Pháp lý",
        "Nội thất"
    ],
    "index": [
        "Diện tích",
        "Mức giá",
        "Số phòng ngủ",
        "Số toilet",
        "Pháp lý",
        "Nội thất"
    ],
    "data": [
        [
            1.0,
            0.575278712,
            0.7260934899,
            0.9029629674,
            0.4108772408,
            -0.5643491835
        ],
        [
            0.575278712,
            1.0,
            0.8595829291,
            0.7526717097,
            0.2559839656,
            -0.716397039
        ],
        [
            0.7260934899,
            0.8595829291,
            1.0,
            0.6758547633,
            0.4944132325,
            -0.635674156
        ],
        [
            0.9029629674,
            0.7526717097,
            0.6758547633,
            1.0,
            0.260377822,
            -0.6695429708
        ],
        [
            0.4108772408,
            0.2559839656,
            0.4944132325,
            0.260377822,
            1.0,
            0.0476190476
        ],
        [
            -0.5643491835,
            -0.716397039,
            -0.635674156,
            -0.6695429708,
            0.0476190476,
            1.0
        ]
    ]
}