{
    "columns": [
        "Diện tích",
        "Mức giá",
        "Số phòng ngủ",
        "Số toilet",
        "Pháp lý",
        "Nội thất"
    ],
    "index": [
        "Diện tích",
        "Mức giá",
        "Số phòng ngủ",
        "Số toilet",
        "Pháp lý",
        "Nội thất"
    ],
    "data": [
        [
            1.0,
            -0.6243796519,
            0.9133274945,
            0.7973082053,
            0.4282294155,
            -0.2987375975
        ],
        [
            -0.6243796519,
            1.0,
            -0.4641944615,
            -0.3961557838,
            -0.0137798558,
            0.2438437761
        ],
        [
            0.9133274945,
            -0.4641944615,
            1.0,
            0.7470178808,
            0.6141922686,
            0.0433554985
        ],
        [
            0.7973082053,
            -0.3961557838,
            0.7470178808,
            1.0,
            0.3952847075,
            -0.072547625
        ],
        [
            0.4282294155,
            -0.0137798558,
            0.6141922686,
            0.3952847075,
            1.0,
            0.2294157339
        ],
        [
            -0.2987375975,
            0.2438437761,
            0.0433554985,
            -0.072547625,
            0.2294157339,
            1.0
        ]
    ]
}