{
    "columns": [
        "Diện tích",
        "Mức giá",
        "Số phòng ngủ",
        "Số toilet",
        "Pháp lý",
        "Nội thất"
    ],
    "index": [
        "Diện tích",
        "Mức giá",
        "Số phòng ngủ",
        "Số toilet",
        "Pháp lý",
        "Nội thất"
    ],
    "data": [
        [
            1.0,
            0.0819958628,
            0.8807547607,
            0.8379702425,
            -0.0270515949,
            0.1680757724
        ],
        [
            0.0819958628,
            1.0,
            0.3611634528,
            0.3001575201,
            0.0803045624,
            0.0289091123
        ],
        [
            0.8807547607,
            0.3611634528,
            1.0,
            0.8586775815,
            -0.0635000635,
            0.1449018419
        ],
        [
            0.8379702425,
            0.3001575201,
            0.8586775815,
            1.0,
            -0.1408590425,
            0.05
        ],
        [
            -0.0270515949,
            0.0803045624,
            -0.0635000635,
            -0.1408590425,
            1.0,
            -0.4084912231
        ],
        [
            0.1680757724,
            0.0289091123,
            0.1449018419,
            0.05,
            -0.4084912231,
            1.0
        ]
    ]
}