{
    "columns": [
        "Diện tích",
        "Mức giá",
        "Số phòng ngủ",
        "Số toilet",
        "Pháp lý",
        "Nội thất"
    ],
    "index": [
        "Diện tích",
        "Mức giá",
        "Số phòng ngủ",
        "Số toilet",
        "Pháp lý",
        "Nội thất"
    ],
    "data": [
        [
            1.0,
            -0.4388601241,
            0.8919075537,
            0.9091450236,
            0.3161107697,
            0.1086972316
        ],
        [
            -0.4388601241,
            1.0,
            -0.3917847424,
            -0.2824815294,
            -0.3768029073,
            -0.1973714936
        ],
        [
            0.8919075537,
            -0.3917847424,
            1.0,
            0.8910563851,
            0.1697250257,
            0.0364006144
        ],
        [
            0.9091450236,
            -0.2824815294,
            0.8910563851,
            1.0,
            0.1666666667,
            -0.1191489793
        ],
        [
            0.3161107697,
            -0.3768029073,
            0.1697250257,
            0.1666666667,
            1.0,
            0.1191489793
        ],
        [
            0.1086972316,
            -0.1973714936,
            0.0364006144,
            -0.1191489793,
            0.1191489793,
            1.0
        ]
    ]
}