{
    "columns": [
        "Diện tích",
        "Mức giá",
        "Số phòng ngủ",
        "Số toilet",
        "Pháp lý",
        "Nội thất"
    ],
    "index": [
        "Diện tích",
        "Mức giá",
        "Số phòng ngủ",
        "Số toilet",
        "Pháp lý",
        "Nội thất"
    ],
    "data": [
        [
            1.0,
            0.5696187379,
            0.9586561589,
            0.8441264408,
            -0.2398996976,
            -0.903416839
        ],
        [
            0.5696187379,
            1.0,
            0.6041757561,
            0.1755686453,
            -0.6076535552,
            -0.7251270665
        ],
        [
            0.9586561589,
            0.6041757561,
            1.0,
            0.875,
            -0.375,
            -0.8017837257
        ],
        [
            0.8441264408,
            0.1755686453,
            0.875,
            1.0,
            -0.25,
            -0.5345224838
        ],
        [
            -0.2398996976,
            -0.6076535552,
            -0.375,
            -0.25,
            1.0,
            0.133630621
        ],
        [
            -0.903416839,
            -0.7251270665,
            -0.8017837257,
            -0.5345224838,
            0.133630621,
            1.0
        ]
    ]
}