{
    "columns": [
        "Diện tích",
        "Mức giá",
        "Số phòng ngủ",
        "Số toilet",
        "Pháp lý",
        "Nội thất"
    ],
    "index": [
        "Diện tích",
        "Mức giá",
        "Số phòng ngủ",
        "Số toilet",
        "Pháp lý",
        "Nội thất"
    ],
    "data": [
        [
            1.0,
            -0.6217050803,
            0.9364395055,
            0.7270272843,
            -0.1775964515,
            0.0462154653
        ],
        [
            -0.6217050803,
            1.0,
            -0.5392419292,
            -0.2279817098,
            -0.0557201571,
            0.3043298676
        ],
        [
            0.9364395055,
            -0.5392419292,
            1.0,
            0.6231822882,
            -0.0975342893,
            0.0793154902
        ],
        [
            0.7270272843,
            -0.2279817098,
            0.6231822882,
            1.0,
            -0.3944053189,
            0.2202835553
        ],
        [
            -0.1775964515,
            -0.0557201571,
            -0.0975342893,
            -0.3944053189,
            1.0,
            -0.4170288281
        ],
        [
            0.0462154653,
            0.3043298676,
            0.0793154902,
            0.2202835553,
            -0.4170288281,
            1.0
        ]
    ]
}