{
    "columns": [
        "Diện tích",
        "Mức giá",
        "Số phòng ngủ",
        "Số toilet",
        "Pháp lý",
        "Nội thất"
    ],
    "index": [
        "Diện tích",
        "Mức giá",
        "Số phòng ngủ",
        "Số toilet",
        "Pháp lý",
        "Nội thất"
    ],
    "data": [
        [
            1.0,
            0.5486138534,
            0.7810434334,
            0.7605794816,
            -0.1326046844,
            -0.0750687309
        ],
        [
            0.5486138534,
            1.0,
            0.7701882418,
            0.8461109956,
            -0.565043664,
            -0.2218169845
        ],
        [
            0.7810434334,
            0.7701882418,
            1.0,
            0.8919908572,
            -0.3176636254,
            -0.2195839778
        ],
        [
            0.7605794816,
            0.8461109956,
            0.8919908572,
            1.0,
            -0.4614337069,
            -0.2800304647
        ],
        [
            -0.1326046844,
            -0.565043664,
            -0.3176636254,
            -0.4614337069,
            1.0,
            0.2005806439
        ],
        [
            -0.0750687309,
            -0.2218169845,
            -0.2195839778,
            -0.2800304647,
            0.2005806439,
            1.0
        ]
    ]
}