{
    "columns": [
        "Diện tích",
        "Mức giá",
        "Số phòng ngủ",
        "Số toilet",
        "Pháp lý",
        "Nội thất"
    ],
    "index": [
        "Diện tích",
        "Mức giá",
        "Số phòng ngủ",
        "Số toilet",
        "Pháp lý",
        "Nội thất"
    ],
    "data": [
        [
            1.0,
            -0.1232097006,
            0.8926066215,
            0.800873158,
            -0.1081811862,
            -0.0197846327
        ],
        [
            -0.1232097006,
            1.0,
            -0.3783224471,
            -0.2497641743,
            0.0199593871,
            -0.069554707
        ],
        [
            0.8926066215,
            -0.3783224471,
            1.0,
            0.7266766768,
            -0.0381857443,
            0.0437571562
        ],
        [
            0.800873158,
            -0.2497641743,
            0.7266766768,
            1.0,
            -0.2060233487,
            0.2054971384
        ],
        [
            -0.1081811862,
            0.0199593871,
            -0.0381857443,
            -0.2060233487,
            1.0,
            0.3166740291
        ],
        [
            -0.0197846327,
            -0.069554707,
            0.0437571562,
            0.2054971384,
            0.3166740291,
            1.0
        ]
    ]
}