{
    "columns": [
        "Diện tích",
        "Mức giá",
        "Số phòng ngủ",
        "Số toilet",
        "Pháp lý",
        "Nội thất"
    ],
    "index": [
        "Diện tích",
        "Mức giá",
        "Số phòng ngủ",
        "Số toilet",
        "Pháp lý",
        "Nội thất"
    ],
    "data": [
        [
            1.0,
            0.3186758051,
            0.6486704979,
            0.6083272651,
            -0.3595399529,
            -0.2077754541
        ],
        [
            0.3186758051,
            1.0,
            0.9010049288,
            0.9156534453,
            -0.6653750379,
            -0.3083186267
        ],
        [
            0.6486704979,
            0.9010049288,
            1.0,
            0.9828213018,
            -0.7129865425,
            -0.3330993972
        ],
        [
            0.6083272651,
            0.9156534453,
            0.9828213018,
            1.0,
            -0.705303481,
            -0.3480850736
        ],
        [
            -0.3595399529,
            -0.6653750379,
            -0.7129865425,
            -0.705303481,
            1.0,
            0.1957553737
        ],
        [
            -0.2077754541,
            -0.3083186267,
            -0.3330993972,
            -0.3480850736,
            0.1957553737,
            1.0
        ]
    ]
}