{
    "columns": [
        "Diện tích",
        "Mức giá",
        "Số phòng ngủ",
        "Số toilet",
        "Pháp lý",
        "Nội thất"
    ],
    "index": [
        "Diện tích",
        "Mức giá",
        "Số phòng ngủ",
        "Số toilet",
        "Pháp lý",
        "Nội thất"
    ],
    "data": [
        [
            1.0,
            0.2157190608,
            0.9342805651,
            0.7729706894,
            -0.1920470974,
            -0.3209881448
        ],
        [
            0.2157190608,
            1.0,
            0.3751996962,
            0.0841971686,
            0.1373212237,
            0.1436175084
        ],
        [
            0.9342805651,
            0.3751996962,
            1.0,
            0.8854377448,
            -0.2529822128,
            -0.1154700538
        ],
        [
            0.7729706894,
            0.0841971686,
            0.8854377448,
            1.0,
            -0.35,
            0.1825741858
        ],
        [
            -0.1920470974,
            0.1373212237,
            -0.2529822128,
            -0.35,
            1.0,
            0.1825741858
        ],
        [
            -0.3209881448,
            0.1436175084,
            -0.1154700538,
            0.1825741858,
            0.1825741858,
            1.0
        ]
    ]
}