{
    "columns": [
        "Diện tích",
        "Mức giá",
        "Số phòng ngủ",
        "Số toilet",
        "Pháp lý",
        "Nội thất"
    ],
    "index": [
        "Diện tích",
        "Mức giá",
        "Số phòng ngủ",
        "Số toilet",
        "Pháp lý",
        "Nội thất"
    ],
    "data": [
        [
            1.0,
            -0.3879312407,
            0.9110654425,
            0.9245886311,
            0.3945123094,
            -0.3072363699
        ],
        [
            -0.3879312407,
            1.0,
            -0.3244700591,
            -0.1757961724,
            -0.3982751818,
            0.1106051362
        ],
        [
            0.9110654425,
            -0.3244700591,
            1.0,
            0.9330250341,
            0.2096569673,
            -0.27885269
        ],
        [
            0.9245886311,
            -0.1757961724,
            0.9330250341,
            1.0,
            0.1956151991,
            -0.3184195697
        ],
        [
            0.3945123094,
            -0.3982751818,
            0.2096569673,
            0.1956151991,
            1.0,
            0.1200038402
        ],
        [
            -0.3072363699,
            0.1106051362,
            -0.27885269,
            -0.3184195697,
            0.1200038402,
            1.0
        ]
    ]
}