{
    "columns": [
        "Diện tích",
        "Mức giá",
        "Số phòng ngủ",
        "Số toilet",
        "Pháp lý",
        "Nội thất"
    ],
    "index": [
        "Diện tích",
        "Mức giá",
        "Số phòng ngủ",
        "Số toilet",
        "Pháp lý",
        "Nội thất"
    ],
    "data": [
        [
            1.0,
            -0.2686517493,
            0.9010513214,
            0.9919881946,
            0.3141752889,
            -0.3844241383
        ],
        [
            -0.2686517493,
            1.0,
            -0.063124159,
            -0.1923203245,
            0.2691281036,
            -0.5312848392
        ],
        [
            0.9010513214,
            -0.063124159,
            1.0,
            0.8807048459,
            0.1132277034,
            -0.6004805768
        ],
        [
            0.9919881946,
            -0.1923203245,
            0.8807048459,
            1.0,
            0.3535533906,
            -0.4166666667
        ],
        [
            0.3141752889,
            0.2691281036,
            0.1132277034,
            0.3535533906,
            1.0,
            0.0589255651
        ],
        [
            -0.3844241383,
            -0.5312848392,
            -0.6004805768,
            -0.4166666667,
            0.0589255651,
            1.0
        ]
    ]
}