{
    "columns": [
        "Diện tích",
        "Mức giá",
        "Số phòng ngủ",
        "Số toilet",
        "Pháp lý",
        "Nội thất"
    ],
    "index": [
        "Diện tích",
        "Mức giá",
        "Số phòng ngủ",
        "Số toilet",
        "Pháp lý",
        "Nội thất"
    ],
    "data": [
        [
            1.0,
            0.1371710573,
            0.9430959219,
            0.7973737624,
            0.0322318112,
            0.0657586742
        ],
        [
            0.1371710573,
            1.0,
            0.002024143,
            0.4777820951,
            -0.9431284889,
            -0.266316872
        ],
        [
            0.9430959219,
            0.002024143,
            1.0,
            0.7276068751,
            0.1084652289,
            0.2941176471
        ],
        [
            0.7973737624,
            0.4777820951,
            0.7276068751,
            1.0,
            -0.4472135955,
            0.242535625
        ],
        [
            0.0322318112,
            -0.9431284889,
            0.1084652289,
            -0.4472135955,
            1.0,
            0.1084652289
        ],
        [
            0.0657586742,
            -0.266316872,
            0.2941176471,
            0.242535625,
            0.1084652289,
            1.0
        ]
    ]
}