{
    "columns": [
        "Diện tích",
        "Mức giá",
        "Số phòng ngủ",
        "Số toilet",
        "Pháp lý",
        "Nội thất"
    ],
    "index": [
        "Diện tích",
        "Mức giá",
        "Số phòng ngủ",
        "Số toilet",
        "Pháp lý",
        "Nội thất"
    ],
    "data": [
        [
            1.0,
            0.0996874744,
            0.931850614,
            0.7253440926,
            -0.0176516348,
            -0.3816465662
        ],
        [
            0.0996874744,
            1.0,
            0.3185969545,
            0.2372373398,
            0.3804091349,
            0.0253955445
        ],
        [
            0.931850614,
            0.3185969545,
            1.0,
            0.7855533191,
            0.0843618447,
            -0.3832737965
        ],
        [
            0.7253440926,
            0.2372373398,
            0.7855533191,
            1.0,
            0.0224224265,
            -0.3010820029
        ],
        [
            -0.0176516348,
            0.3804091349,
            0.0843618447,
            0.0224224265,
            1.0,
            -0.0508100756
        ],
        [
            -0.3816465662,
            0.0253955445,
            -0.3832737965,
            -0.3010820029,
            -0.0508100756,
            1.0
        ]
    ]
}