{
    "columns": [
        "Diện tích",
        "Mức giá",
        "Số phòng ngủ",
        "Số toilet",
        "Pháp lý",
        "Nội thất"
    ],
    "index": [
        "Diện tích",
        "Mức giá",
        "Số phòng ngủ",
        "Số toilet",
        "Pháp lý",
        "Nội thất"
    ],
    "data": [
        [
            1.0,
            0.1855266397,
            0.8523819791,
            0.3737263153,
            -0.0142240005,
            0.2396230217
        ],
        [
            0.1855266397,
            1.0,
            0.078704643,
            0.1020679891,
            -0.031188426,
            -0.1509213431
        ],
        [
            0.8523819791,
            0.078704643,
            1.0,
            0.2711630723,
            0.1290994449,
            0.2855584426
        ],
        [
            0.3737263153,
            0.1020679891,
            0.2711630723,
            1.0,
            0.1400280084,
            -0.0229430829
        ],
        [
            -0.0142240005,
            -0.031188426,
            0.1290994449,
            0.1400280084,
            1.0,
            0.1092309227
        ],
        [
            0.2396230217,
            -0.1509213431,
            0.2855584426,
            -0.0229430829,
            0.1092309227,
            1.0
        ]
    ]
}