{
    "columns": [
        "Diện tích",
        "Mức giá",
        "Số phòng ngủ",
        "Số toilet",
        "Pháp lý",
        "Nội thất"
    ],
    "index": [
        "Diện tích",
        "Mức giá",
        "Số phòng ngủ",
        "Số toilet",
        "Pháp lý",
        "Nội thất"
    ],
    "data": [
        [
            1.0,
            -0.4099113559,
            0.3992947899,
            0.5113006703,
            -0.0477099957,
            0.1892700557
        ],
        [
            -0.4099113559,
            1.0,
            -0.0182479116,
            -0.3742457606,
            0.1684466436,
            0.0976226453
        ],
        [
            0.3992947899,
            -0.0182479116,
            1.0,
            0.5575952234,
            0.0369570247,
            0.3355089349
        ],
        [
            0.5113006703,
            -0.3742457606,
            0.5575952234,
            1.0,
            -0.2378257471,
            0.3215630515
        ],
        [
            -0.0477099957,
            0.1684466436,
            0.0369570247,
            -0.2378257471,
            1.0,
            0.3528819895
        ],
        [
            0.1892700557,
            0.0976226453,
            0.3355089349,
            0.3215630515,
            0.3528819895,
            1.0
        ]
    ]
}