{
    "columns": [
        "Diện tích",
        "Mức giá",
        "Số phòng ngủ",
        "Số toilet",
        "Pháp lý",
        "Nội thất"
    ],
    "index": [
        "Diện tích",
        "Mức giá",
        "Số phòng ngủ",
        "Số toilet",
        "Pháp lý",
        "Nội thất"
    ],
    "data": [
        [
            1.0,
            0.8110606638,
            0.8960594794,
            0.9671676442,
            0.1138403089,
            -0.665562124
        ],
        [
            0.8110606638,
            1.0,
            0.7420147827,
            0.8317273704,
            0.0422828223,
            -0.6152039018
        ],
        [
            0.8960594794,
            0.7420147827,
            1.0,
            0.7758098206,
            -0.0559892511,
            -0.3646984043
        ],
        [
            0.9671676442,
            0.8317273704,
            0.7758098206,
            1.0,
            0.1574591643,
            -0.7977240352
        ],
        [
            0.1138403089,
            0.0422828223,
            -0.0559892511,
            0.1574591643,
            1.0,
            -0.1973855085
        ],
        [
            -0.665562124,
            -0.6152039018,
            -0.3646984043,
            -0.7977240352,
            -0.1973855085,
            1.0
        ]
    ]
}