{
    "columns": [
        "Diện tích",
        "Mức giá",
        "Số phòng ngủ",
        "Số toilet",
        "Pháp lý",
        "Nội thất"
    ],
    "index": [
        "Diện tích",
        "Mức giá",
        "Số phòng ngủ",
        "Số toilet",
        "Pháp lý",
        "Nội thất"
    ],
    "data": [
        [
            1.0,
            0.812634965,
            0.9592291524,
            0.9491976623,
            -0.1230792464,
            0.1169301965
        ],
        [
            0.812634965,
            1.0,
            0.684284707,
            0.9189295427,
            0.0538507501,
            0.096683918
        ],
        [
            0.9592291524,
            0.684284707,
            1.0,
            0.852350895,
            -0.2179487179,
            0.1275624919
        ],
        [
            0.9491976623,
            0.9189295427,
            0.852350895,
            1.0,
            -0.0871627267,
            0.1281176858
        ],
        [
            -0.1230792464,
            0.0538507501,
            -0.2179487179,
            -0.0871627267,
            1.0,
            -0.1172544118
        ],
        [
            0.1169301965,
            0.096683918,
            0.1275624919,
            0.1281176858,
            -0.1172544118,
            1.0
        ]
    ]
}