{
    "columns": [
        "Diện tích",
        "Mức giá",
        "Số phòng ngủ",
        "Số toilet",
        "Pháp lý",
        "Nội thất"
    ],
    "index": [
        "Diện tích",
        "Mức giá",
        "Số phòng ngủ",
        "Số toilet",
        "Pháp lý",
        "Nội thất"
    ],
    "data": [
        [
            1.0,
            -0.0028223672,
            0.9552889896,
            0.8572151403,
            0.3159187514,
            -0.0093467904
        ],
        [
            -0.0028223672,
            1.0,
            0.0628719853,
            -0.0077484021,
            0.3754886189,
            0.0723987237
        ],
        [
            0.9552889896,
            0.0628719853,
            1.0,
            0.8485281374,
            0.1936491673,
            -0.0912870929
        ],
        [
            0.8572151403,
            -0.0077484021,
            0.8485281374,
            1.0,
            -0.0912870929,
            -0.2581988897
        ],
        [
            0.3159187514,
            0.3754886189,
            0.1936491673,
            -0.0912870929,
            1.0,
            0.3535533906
        ],
        [
            -0.0093467904,
            0.0723987237,
            -0.0912870929,
            -0.2581988897,
            0.3535533906,
            1.0
        ]
    ]
}