{
    "columns": [
        "Diện tích",
        "Mức giá",
        "Số phòng ngủ",
        "Số toilet",
        "Pháp lý",
        "Nội thất"
    ],
    "index": [
        "Diện tích",
        "Mức giá",
        "Số phòng ngủ",
        "Số toilet",
        "Pháp lý",
        "Nội thất"
    ],
    "data": [
        [
            1.0,
            -0.0070281095,
            0.9399832259,
            0.7350817685,
            0.0938653306,
            0.148683836
        ],
        [
            -0.0070281095,
            1.0,
            -0.1083168855,
            -0.3134144677,
            -0.2609335743,
            0.498559614
        ],
        [
            0.9399832259,
            -0.1083168855,
            1.0,
            0.8320502943,
            0.1601281538,
            0.2773500981
        ],
        [
            0.7350817685,
            -0.3134144677,
            0.8320502943,
            1.0,
            6.409875621e-17,
            0.3333333333
        ],
        [
            0.0938653306,
            -0.2609335743,
            0.1601281538,
            6.409875621e-17,
            1.0,
            -3.204937811e-16
        ],
        [
            0.148683836,
            0.498559614,
            0.2773500981,
            0.3333333333,
            -3.204937811e-16,
            1.0
        ]
    ]
}