{
    "columns": [
        "Diện tích",
        "Mức giá",
        "Số phòng ngủ",
        "Số toilet",
        "Pháp lý",
        "Nội thất"
    ],
    "index": [
        "Diện tích",
        "Mức giá",
        "Số phòng ngủ",
        "Số toilet",
        "Pháp lý",
        "Nội thất"
    ],
    "data": [
        [
            1.0,
            -0.8861862036,
            0.2830754119,
            0.4153782095,
            0.4795749384,
            -0.4541387063
        ],
        [
            -0.8861862036,
            1.0,
            -0.2997697304,
            -0.4293889454,
            -0.0226266089,
            0.2586070367
        ],
        [
            0.2830754119,
            -0.2997697304,
            1.0,
            0.3426241444,
            0.104257207,
            0.1838924281
        ],
        [
            0.4153782095,
            -0.4293889454,
            0.3426241444,
            1.0,
            0.0912870929,
            -0.7245688373
        ],
        [
            0.4795749384,
            -0.0226266089,
            0.104257207,
            0.0912870929,
            1.0,
            -0.4409585518
        ],
        [
            -0.4541387063,
            0.2586070367,
            0.1838924281,
            -0.7245688373,
            -0.4409585518,
            1.0
        ]
    ]
}