{
    "columns": [
        "Diện tích",
        "Mức giá",
        "Số phòng ngủ",
        "Số toilet",
        "Pháp lý",
        "Nội thất"
    ],
    "index": [
        "Diện tích",
        "Mức giá",
        "Số phòng ngủ",
        "Số toilet",
        "Pháp lý",
        "Nội thất"
    ],
    "data": [
        [
            1.0,
            -0.0692309523,
            0.7628794107,
            0.5357290841,
            0.4016842857,
            -0.5949087479
        ],
        [
            -0.0692309523,
            1.0,
            -0.1138830242,
            0.3764460704,
            0.062092213,
            0.400201821
        ],
        [
            0.7628794107,
            -0.1138830242,
            1.0,
            0.7171371656,
            0.4264014327,
            -0.5477225575
        ],
        [
            0.5357290841,
            0.3764460704,
            0.7171371656,
            1.0,
            0.2548235957,
            -0.1309307341
        ],
        [
            0.4016842857,
            0.062092213,
            0.4264014327,
            0.2548235957,
            1.0,
            -0.2335496832
        ],
        [
            -0.5949087479,
            0.400201821,
            -0.5477225575,
            -0.1309307341,
            -0.2335496832,
            1.0
        ]
    ]
}