{
    "columns": [
        "Diện tích",
        "Mức giá",
        "Số phòng ngủ",
        "Số toilet",
        "Pháp lý",
        "Nội thất"
    ],
    "index": [
        "Diện tích",
        "Mức giá",
        "Số phòng ngủ",
        "Số toilet",
        "Pháp lý",
        "Nội thất"
    ],
    "data": [
        [
            1.0,
            0.704238957,
            0.764369398,
            0.7799706318,
            0.0769440579,
            -0.1561653023
        ],
        [
            0.704238957,
            1.0,
            0.7400328466,
            0.8402662492,
            0.0776720011,
            -0.1295252017
        ],
        [
            0.764369398,
            0.7400328466,
            1.0,
            0.858713984,
            0.0495369706,
            -0.239723843
        ],
        [
            0.7799706318,
            0.8402662492,
            0.858713984,
            1.0,
            0.0580282975,
            -0.1145689903
        ],
        [
            0.0769440579,
            0.0776720011,
            0.0495369706,
            0.0580282975,
            1.0,
            0.0782222621
        ],
        [
            -0.1561653023,
            -0.1295252017,
            -0.239723843,
            -0.1145689903,
            0.0782222621,
            1.0
        ]
    ]
}