{
    "columns": [
        "Diện tích",
        "Mức giá",
        "Số phòng ngủ",
        "Số toilet",
        "Pháp lý",
        "Nội thất"
    ],
    "index": [
        "Diện tích",
        "Mức giá",
        "Số phòng ngủ",
        "Số toilet",
        "Pháp lý",
        "Nội thất"
    ],
    "data": [
        [
            1.0,
            0.7017653707,
            0.1851977684,
            0.1993872124,
            -0.1100818658,
            -0.2364545359
        ],
        [
            0.7017653707,
            1.0,
            0.390883397,
            0.3533064506,
            -0.1756920422,
            -0.5671391888
        ],
        [
            0.1851977684,
            0.390883397,
            1.0,
            0.8850798321,
            -0.2455871512,
            -0.3943683127
        ],
        [
            0.1993872124,
            0.3533064506,
            0.8850798321,
            1.0,
            -0.1297561667,
            -0.4387917138
        ],
        [
            -0.1100818658,
            -0.1756920422,
            -0.2455871512,
            -0.1297561667,
            1.0,
            0.2046783626
        ],
        [
            -0.2364545359,
            -0.5671391888,
            -0.3943683127,
            -0.4387917138,
            0.2046783626,
            1.0
        ]
    ]
}