{
    "columns": [
        "Diện tích",
        "Mức giá",
        "Số phòng ngủ",
        "Số toilet",
        "Pháp lý",
        "Nội thất"
    ],
    "index": [
        "Diện tích",
        "Mức giá",
        "Số phòng ngủ",
        "Số toilet",
        "Pháp lý",
        "Nội thất"
    ],
    "data": [
        [
            1.0,
            0.8641347451,
            0.8328448007,
            0.9136172025,
            0.5337602241,
            0.3187390512
        ],
        [
            0.8641347451,
            1.0,
            0.9789031994,
            0.9377742452,
            0.3231714887,
            -0.0535348616
        ],
        [
            0.8328448007,
            0.9789031994,
            1.0,
            0.924674617,
            0.4554842488,
            -0.02392661
        ],
        [
            0.9136172025,
            0.9377742452,
            0.924674617,
            1.0,
            0.4360060061,
            0.0099835407
        ],
        [
            0.5337602241,
            0.3231714887,
            0.4554842488,
            0.4360060061,
            1.0,
            0.4677675811
        ],
        [
            0.3187390512,
            -0.0535348616,
            -0.02392661,
            0.0099835407,
            0.4677675811,
            1.0
        ]
    ]
}