{
    "columns": [
        "Diện tích",
        "Mức giá",
        "Số phòng ngủ",
        "Số toilet",
        "Pháp lý",
        "Nội thất"
    ],
    "index": [
        "Diện tích",
        "Mức giá",
        "Số phòng ngủ",
        "Số toilet",
        "Pháp lý",
        "Nội thất"
    ],
    "data": [
        [
            1.0,
            0.7127459811,
            -0.021051729,
            0.0288736515,
            -0.0285443557,
            -0.1576849697
        ],
        [
            0.7127459811,
            1.0,
            -0.0946730917,
            -0.0311536428,
            0.0823438559,
            -0.1373050178
        ],
        [
            -0.021051729,
            -0.0946730917,
            1.0,
            0.7582485402,
            -0.0744515784,
            0.1153814078
        ],
        [
            0.0288736515,
            -0.0311536428,
            0.7582485402,
            1.0,
            -0.0068539765,
            0.0331116558
        ],
        [
            -0.0285443557,
            0.0823438559,
            -0.0744515784,
            -0.0068539765,
            1.0,
            0.0355957737
        ],
        [
            -0.1576849697,
            -0.1373050178,
            0.1153814078,
            0.0331116558,
            0.0355957737,
            1.0
        ]
    ]
}