{
    "columns": [
        "Diện tích",
        "Mức giá",
        "Số phòng ngủ",
        "Số toilet",
        "Pháp lý",
        "Nội thất"
    ],
    "index": [
        "Diện tích",
        "Mức giá",
        "Số phòng ngủ",
        "Số toilet",
        "Pháp lý",
        "Nội thất"
    ],
    "data": [
        [
            1.0,
            0.289470551,
            0.4775743636,
            0.4470985889,
            -0.0361510844,
            -0.3126677085
        ],
        [
            0.289470551,
            1.0,
            0.8203371107,
            0.8654969131,
            0.1170581627,
            -0.1180732413
        ],
        [
            0.4775743636,
            0.8203371107,
            1.0,
            0.9464155444,
            -0.0280386077,
            -0.1983904592
        ],
        [
            0.4470985889,
            0.8654969131,
            0.9464155444,
            1.0,
            0.0444261658,
            -0.2016004098
        ],
        [
            -0.0361510844,
            0.1170581627,
            -0.0280386077,
            0.0444261658,
            1.0,
            0.3208306887
        ],
        [
            -0.3126677085,
            -0.1180732413,
            -0.1983904592,
            -0.2016004098,
            0.3208306887,
            1.0
        ]
    ]
}