{
    "columns": [
        "Diện tích",
        "Mức giá",
        "Số phòng ngủ",
        "Số toilet",
        "Pháp lý",
        "Nội thất"
    ],
    "index": [
        "Diện tích",
        "Mức giá",
        "Số phòng ngủ",
        "Số toilet",
        "Pháp lý",
        "Nội thất"
    ],
    "data": [
        [
            1.0,
            0.2802974256,
            0.8295222823,
            0.7356322068,
            0.2075909345,
            -0.1148234454
        ],
        [
            0.2802974256,
            1.0,
            0.3601682921,
            0.4647644454,
            0.5021891598,
            -0.2386864473
        ],
        [
            0.8295222823,
            0.3601682921,
            1.0,
            0.6040244008,
            0.143762744,
            -0.1100044138
        ],
        [
            0.7356322068,
            0.4647644454,
            0.6040244008,
            1.0,
            0.5630925064,
            -0.0046833399
        ],
        [
            0.2075909345,
            0.5021891598,
            0.143762744,
            0.5630925064,
            1.0,
            0.1081232976
        ],
        [
            -0.1148234454,
            -0.2386864473,
            -0.1100044138,
            -0.0046833399,
            0.1081232976,
            1.0
        ]
    ]
}