{
    "columns": [
        "Diện tích",
        "Mức giá",
        "Số phòng ngủ",
        "Số toilet",
        "Pháp lý",
        "Nội thất"
    ],
    "index": [
        "Diện tích",
        "Mức giá",
        "Số phòng ngủ",
        "Số toilet",
        "Pháp lý",
        "Nội thất"
    ],
    "data": [
        [
            1.0,
            0.6142937686,
            0.7249915092,
            0.7722722489,
            -0.0285955145,
            -0.1036667513
        ],
        [
            0.6142937686,
            1.0,
            0.6870656435,
            0.7935610896,
            -0.0381098822,
            -0.0721053616
        ],
        [
            0.7249915092,
            0.6870656435,
            1.0,
            0.8591939135,
            -0.1109161242,
            -0.1607971354
        ],
        [
            0.7722722489,
            0.7935610896,
            0.8591939135,
            1.0,
            -0.0876507292,
            -0.0287215314
        ],
        [
            -0.0285955145,
            -0.0381098822,
            -0.1109161242,
            -0.0876507292,
            1.0,
            0.1059020928
        ],
        [
            -0.1036667513,
            -0.0721053616,
            -0.1607971354,
            -0.0287215314,
            0.1059020928,
            1.0
        ]
    ]
}