{
    "columns": [
        "Diện tích",
        "Mức giá",
        "Số phòng ngủ",
        "Số toilet",
        "Pháp lý",
        "Nội thất"
    ],
    "index": [
        "Diện tích",
        "Mức giá",
        "Số phòng ngủ",
        "Số toilet",
        "Pháp lý",
        "Nội thất"
    ],
    "data": [
        [
            1.0,
            -0.0708278996,
            0.8158586287,
            0.7066440692,
            -0.0223078479,
            -0.0260051253
        ],
        [
            -0.0708278996,
            1.0,
            -0.3111621066,
            -0.2108261165,
            -0.2323915148,
            -0.3750940355
        ],
        [
            0.8158586287,
            -0.3111621066,
            1.0,
            0.647326449,
            0.0328797975,
            0.1347680259
        ],
        [
            0.7066440692,
            -0.2108261165,
            0.647326449,
            1.0,
            0.0322748612,
            -0.0599042298
        ],
        [
            -0.0223078479,
            -0.2323915148,
            0.0328797975,
            0.0322748612,
            1.0,
            0.0386680141
        ],
        [
            -0.0260051253,
            -0.3750940355,
            0.1347680259,
            -0.0599042298,
            0.0386680141,
            1.0
        ]
    ]
}