{
    "columns": [
        "Diện tích",
        "Mức giá",
        "Số phòng ngủ",
        "Số toilet",
        "Pháp lý",
        "Nội thất"
    ],
    "index": [
        "Diện tích",
        "Mức giá",
        "Số phòng ngủ",
        "Số toilet",
        "Pháp lý",
        "Nội thất"
    ],
    "data": [
        [
            1.0,
            0.6763911394,
            0.7381869593,
            0.8153423859,
            0.0115638335,
            -0.0863518344
        ],
        [
            0.6763911394,
            1.0,
            0.6155148832,
            0.7812144896,
            -0.0022643202,
            -0.1278359828
        ],
        [
            0.7381869593,
            0.6155148832,
            1.0,
            0.8234166952,
            -0.059151229,
            -0.2495417198
        ],
        [
            0.8153423859,
            0.7812144896,
            0.8234166952,
            1.0,
            -0.0349994451,
            -0.0876453363
        ],
        [
            0.0115638335,
            -0.0022643202,
            -0.059151229,
            -0.0349994451,
            1.0,
            0.095613703
        ],
        [
            -0.0863518344,
            -0.1278359828,
            -0.2495417198,
            -0.0876453363,
            0.095613703,
            1.0
        ]
    ]
}