{
    "columns": [
        "Diện tích",
        "Mức giá",
        "Số phòng ngủ",
        "Số toilet",
        "Pháp lý",
        "Nội thất"
    ],
    "index": [
        "Diện tích",
        "Mức giá",
        "Số phòng ngủ",
        "Số toilet",
        "Pháp lý",
        "Nội thất"
    ],
    "data": [
        [
            1.0,
            -0.1216321982,
            0.984238458,
            0.9444650554,
            0.4764422981,
            0.1148971678
        ],
        [
            -0.1216321982,
            1.0,
            -0.0841994296,
            -0.0431233107,
            -0.2112934991,
            -0.0202903217
        ],
        [
            0.984238458,
            -0.0841994296,
            1.0,
            0.9259783933,
            0.4651151069,
            0.1298042411
        ],
        [
            0.9444650554,
            -0.0431233107,
            0.9259783933,
            1.0,
            0.4873427384,
            0.0787137018
        ],
        [
            0.4764422981,
            -0.2112934991,
            0.4651151069,
            0.4873427384,
            1.0,
            0.2293528716
        ],
        [
            0.1148971678,
            -0.0202903217,
            0.1298042411,
            0.0787137018,
            0.2293528716,
            1.0
        ]
    ]
}