{
    "columns": [
        "Diện tích",
        "Mức giá",
        "Số phòng ngủ",
        "Số toilet",
        "Pháp lý",
        "Nội thất"
    ],
    "index": [
        "Diện tích",
        "Mức giá",
        "Số phòng ngủ",
        "Số toilet",
        "Pháp lý",
        "Nội thất"
    ],
    "data": [
        [
            1.0,
            -0.0316005777,
            0.8591528817,
            0.8563953325,
            0.0370065906,
            0.0275087489
        ],
        [
            -0.0316005777,
            1.0,
            0.0109415084,
            0.0290414081,
            0.1441640998,
            0.0379976319
        ],
        [
            0.8591528817,
            0.0109415084,
            1.0,
            0.9976584312,
            0.0426214761,
            0.020592962
        ],
        [
            0.8563953325,
            0.0290414081,
            0.9976584312,
            1.0,
            0.0444843547,
            0.0263391405
        ],
        [
            0.0370065906,
            0.1441640998,
            0.0426214761,
            0.0444843547,
            1.0,
            0.0966613743
        ],
        [
            0.0275087489,
            0.0379976319,
            0.020592962,
            0.0263391405,
            0.0966613743,
            1.0
        ]
    ]
}