{
    "columns": [
        "Diện tích",
        "Mức giá",
        "Số phòng ngủ",
        "Số toilet",
        "Pháp lý",
        "Nội thất"
    ],
    "index": [
        "Diện tích",
        "Mức giá",
        "Số phòng ngủ",
        "Số toilet",
        "Pháp lý",
        "Nội thất"
    ],
    "data": [
        [
            1.0,
            -0.0961251697,
            0.2228085299,
            0.0525253376,
            0.0549506407,
            0.0422759741
        ],
        [
            -0.0961251697,
            1.0,
            0.151418894,
            0.2177002715,
            0.1124592824,
            -0.1181232101
        ],
        [
            0.2228085299,
            0.151418894,
            1.0,
            0.9634994811,
            0.0643012201,
            0.1500200013
        ],
        [
            0.0525253376,
            0.2177002715,
            0.9634994811,
            1.0,
            0.0712526492,
            0.1348861486
        ],
        [
            0.0549506407,
            0.1124592824,
            0.0643012201,
            0.0712526492,
            1.0,
            0.027054795
        ],
        [
            0.0422759741,
            -0.1181232101,
            0.1500200013,
            0.1348861486,
            0.027054795,
            1.0
        ]
    ]
}