{
    "columns": [
        "Diện tích",
        "Mức giá",
        "Số phòng ngủ",
        "Số toilet",
        "Pháp lý",
        "Nội thất"
    ],
    "index": [
        "Diện tích",
        "Mức giá",
        "Số phòng ngủ",
        "Số toilet",
        "Pháp lý",
        "Nội thất"
    ],
    "data": [
        [
            1.0,
            -0.0879258263,
            0.2199934774,
            0.049218904,
            0.056426678,
            0.0495087661
        ],
        [
            -0.0879258263,
            1.0,
            0.1521211923,
            0.2173373546,
            0.1118390352,
            -0.1150161672
        ],
        [
            0.2199934774,
            0.1521211923,
            1.0,
            0.9634422854,
            0.0637502581,
            0.1472405175
        ],
        [
            0.049218904,
            0.2173373546,
            0.9634422854,
            1.0,
            0.0703676814,
            0.1308345323
        ],
        [
            0.056426678,
            0.1118390352,
            0.0637502581,
            0.0703676814,
            1.0,
            0.0285610558
        ],
        [
            0.0495087661,
            -0.1150161672,
            0.1472405175,
            0.1308345323,
            0.0285610558,
            1.0
        ]
    ]
}