{
    "columns": [
        "Diện tích",
        "Mức giá",
        "Số phòng ngủ",
        "Số toilet",
        "Pháp lý",
        "Nội thất"
    ],
    "index": [
        "Diện tích",
        "Mức giá",
        "Số phòng ngủ",
        "Số toilet",
        "Pháp lý",
        "Nội thất"
    ],
    "data": [
        [
            1.0,
            0.2670325187,
            0.1778793093,
            0.1071334384,
            -0.1641185575,
            -0.0777562822
        ],
        [
            0.2670325187,
            1.0,
            0.0644322714,
            0.0883974887,
            0.027190956,
            -0.0864098058
        ],
        [
            0.1778793093,
            0.0644322714,
            1.0,
            0.9693916122,
            0.0530135566,
            0.2005617991
        ],
        [
            0.1071334384,
            0.0883974887,
            0.9693916122,
            1.0,
            0.0736023032,
            0.2194210189
        ],
        [
            -0.1641185575,
            0.027190956,
            0.0530135566,
            0.0736023032,
            1.0,
            0.1683120961
        ],
        [
            -0.0777562822,
            -0.0864098058,
            0.2005617991,
            0.2194210189,
            0.1683120961,
            1.0
        ]
    ]
}