{
    "columns": [
        "Diện tích",
        "Mức giá",
        "Số phòng ngủ",
        "Số toilet",
        "Pháp lý",
        "Nội thất"
    ],
    "index": [
        "Diện tích",
        "Mức giá",
        "Số phòng ngủ",
        "Số toilet",
        "Pháp lý",
        "Nội thất"
    ],
    "data": [
        [
            1.0,
            0.1109879001,
            0.1775169622,
            0.0806521266,
            -0.1178637649,
            -0.0371289599
        ],
        [
            0.1109879001,
            1.0,
            0.1244488774,
            0.1661928333,
            0.0224147765,
            -0.1168422588
        ],
        [
            0.1775169622,
            0.1244488774,
            1.0,
            0.9683968873,
            0.040466245,
            0.1677232439
        ],
        [
            0.0806521266,
            0.1661928333,
            0.9683968873,
            1.0,
            0.0562605532,
            0.1741034845
        ],
        [
            -0.1178637649,
            0.0224147765,
            0.040466245,
            0.0562605532,
            1.0,
            0.1454252523
        ],
        [
            -0.0371289599,
            -0.1168422588,
            0.1677232439,
            0.1741034845,
            0.1454252523,
            1.0
        ]
    ]
}