{
    "columns": [
        "Diện tích",
        "Mức giá",
        "Số phòng ngủ",
        "Số toilet",
        "Pháp lý",
        "Nội thất"
    ],
    "index": [
        "Diện tích",
        "Mức giá",
        "Số phòng ngủ",
        "Số toilet",
        "Pháp lý",
        "Nội thất"
    ],
    "data": [
        [
            1.0,
<<<<<<< HEAD
            -0.0961251697,
            0.2228085299,
            0.0525253376,
            0.0549506407,
            0.0422759741
        ],
        [
            -0.0961251697,
            1.0,
            0.151418894,
            0.2177002715,
            0.1124592824,
            -0.1181232101
        ],
        [
            0.2228085299,
            0.151418894,
            1.0,
            0.9634994811,
            0.0643012201,
            0.1500200013
        ],
        [
            0.0525253376,
            0.2177002715,
            0.9634994811,
            1.0,
            0.0712526492,
            0.1348861486
        ],
        [
            0.0549506407,
            0.1124592824,
            0.0643012201,
            0.0712526492,
            1.0,
            0.027054795
        ],
        [
            0.0422759741,
            -0.1181232101,
            0.1500200013,
            0.1348861486,
            0.027054795,
=======
            0.2670325187,
            0.1778793093,
            0.1071334384,
            -0.1641185575,
            -0.0777562822
        ],
        [
            0.2670325187,
            1.0,
            0.0644322714,
            0.0883974887,
            0.027190956,
            -0.0864098058
        ],
        [
            0.1778793093,
            0.0644322714,
            1.0,
            0.9693916122,
            0.0530135566,
            0.2005617991
        ],
        [
            0.1071334384,
            0.0883974887,
            0.9693916122,
            1.0,
            0.0736023032,
            0.2194210189
        ],
        [
            -0.1641185575,
            0.027190956,
            0.0530135566,
            0.0736023032,
            1.0,
            0.1683120961
        ],
        [
            -0.0777562822,
            -0.0864098058,
            0.2005617991,
            0.2194210189,
            0.1683120961,
>>>>>>> ngocbao
            1.0
        ]
    ]
}