{
    "columns": [
        "Diện tích",
        "Mức giá",
        "Số phòng ngủ",
        "Số toilet",
        "Pháp lý",
        "Nội thất"
    ],
    "index": [
        "Diện tích",
        "Mức giá",
        "Số phòng ngủ",
        "Số toilet",
        "Pháp lý",
        "Nội thất"
    ],
    "data": [
        [
            1.0,
            0.0704676739,
            0.3692266571,
            0.3601171723,
            -0.1743039867,
            0.0193593138
        ],
        [
            0.0704676739,
            1.0,
            0.300160364,
            0.3438065265,
            0.1140118272,
            -0.0986279297
        ],
        [
            0.3692266571,
            0.300160364,
            1.0,
            0.9876141209,
            0.0461597728,
            0.0248808089
        ],
        [
            0.3601171723,
            0.3438065265,
            0.9876141209,
            1.0,
            0.0530152605,
            0.0226361031
        ],
        [
            -0.1743039867,
            0.1140118272,
            0.0461597728,
            0.0530152605,
            1.0,
            0.0260952434
        ],
        [
            0.0193593138,
            -0.0986279297,
            0.0248808089,
            0.0226361031,
            0.0260952434,
            1.0
        ]
    ]
}