{
    "columns": [
        "Diện tích",
        "Mức giá",
        "Số phòng ngủ",
        "Số toilet",
        "Pháp lý",
        "Nội thất"
    ],
    "index": [
        "Diện tích",
        "Mức giá",
        "Số phòng ngủ",
        "Số toilet",
        "Pháp lý",
        "Nội thất"
    ],
    "data": [
        [
            1.0,
            -0.3404542524,
            -0.069680565,
            -0.0580401652,
            -0.0255353257,
            -0.0637558216
        ],
        [
            -0.3404542524,
            1.0,
            0.5707491322,
            0.6179901857,
            0.0081499249,
            -0.142240097
        ],
        [
            -0.069680565,
            0.5707491322,
            1.0,
            0.8633276865,
            0.1297639826,
            -0.140538509
        ],
        [
            -0.0580401652,
            0.6179901857,
            0.8633276865,
            1.0,
            0.1184584767,
            -0.1460223489
        ],
        [
            -0.0255353257,
            0.0081499249,
            0.1297639826,
            0.1184584767,
            1.0,
            0.0996692593
        ],
        [
            -0.0637558216,
            -0.142240097,
            -0.140538509,
            -0.1460223489,
            0.0996692593,
            1.0
        ]
    ]
}