{
    "columns": [
        "Diện tích",
        "Mức giá",
        "Số phòng ngủ",
        "Số toilet",
        "Pháp lý",
        "Nội thất"
    ],
    "index": [
        "Diện tích",
        "Mức giá",
        "Số phòng ngủ",
        "Số toilet",
        "Pháp lý",
        "Nội thất"
    ],
    "data": [
        [
            1.0,
            -0.4841579666,
            -0.1666998901,
            -0.1399283903,
            0.00984461,
            -0.0922045001
        ],
        [
            -0.4841579666,
            1.0,
            0.5096156856,
            0.5202152487,
            0.031603464,
            -0.1223924001
        ],
        [
            -0.1666998901,
            0.5096156856,
            1.0,
            0.8711491646,
            0.2080749854,
            -0.1726661169
        ],
        [
            -0.1399283903,
            0.5202152487,
            0.8711491646,
            1.0,
            0.1912868834,
            -0.1086895093
        ],
        [
            0.00984461,
            0.031603464,
            0.2080749854,
            0.1912868834,
            1.0,
            0.1501380531
        ],
        [
            -0.0922045001,
            -0.1223924001,
            -0.1726661169,
            -0.1086895093,
            0.1501380531,
            1.0
        ]
    ]
}