{
    "columns": [
        "Diện tích",
        "Mức giá",
        "Số phòng ngủ",
        "Số toilet",
        "Pháp lý",
        "Nội thất"
    ],
    "index": [
        "Diện tích",
        "Mức giá",
        "Số phòng ngủ",
        "Số toilet",
        "Pháp lý",
        "Nội thất"
    ],
    "data": [
        [
            1.0,
            -0.1071370694,
            0.0425549887,
            -0.0725441038,
            -0.129173108,
            -0.0044671963
        ],
        [
            -0.1071370694,
            1.0,
            0.5680614687,
            0.6445454711,
            -0.0245791258,
            -0.166260536
        ],
        [
            0.0425549887,
            0.5680614687,
            1.0,
            0.8531933916,
            0.1117949372,
            -0.0850503347
        ],
        [
            -0.0725441038,
            0.6445454711,
            0.8531933916,
            1.0,
            0.165195113,
            -0.1310109208
        ],
        [
            -0.129173108,
            -0.0245791258,
            0.1117949372,
            0.165195113,
            1.0,
            0.131486965
        ],
        [
            -0.0044671963,
            -0.166260536,
            -0.0850503347,
            -0.1310109208,
            0.131486965,
            1.0
        ]
    ]
}