{
    "columns": [
        "Diện tích",
        "Mức giá",
        "Số phòng ngủ",
        "Số toilet",
        "Pháp lý",
        "Nội thất"
    ],
    "index": [
        "Diện tích",
        "Mức giá",
        "Số phòng ngủ",
        "Số toilet",
        "Pháp lý",
        "Nội thất"
    ],
    "data": [
        [
            1.0,
            -0.0033487788,
            0.1498691687,
            0.1290620792,
            -0.0644596543,
            0.0073664979
        ],
        [
            -0.0033487788,
            1.0,
            0.2500609545,
            0.2837392148,
            0.1337855877,
            -0.0295502991
        ],
        [
            0.1498691687,
            0.2500609545,
            1.0,
            0.9539123203,
            0.1230909363,
            0.0838220664
        ],
        [
            0.1290620792,
            0.2837392148,
            0.9539123203,
            1.0,
            0.1239213387,
            0.108212375
        ],
        [
            -0.0644596543,
            0.1337855877,
            0.1230909363,
            0.1239213387,
            1.0,
            -0.0352343198
        ],
        [
            0.0073664979,
            -0.0295502991,
            0.0838220664,
            0.108212375,
            -0.0352343198,
            1.0
        ]
    ]
}