{
    "columns": [
        "Diện tích",
        "Mức giá",
        "Số phòng ngủ",
        "Số toilet",
        "Pháp lý",
        "Nội thất"
    ],
    "index": [
        "Diện tích",
        "Mức giá",
        "Số phòng ngủ",
        "Số toilet",
        "Pháp lý",
        "Nội thất"
    ],
    "data": [
        [
            1.0,
            -0.0048494786,
            0.1497529377,
            0.1288810641,
            -0.0646165868,
            0.0066862366
        ],
        [
            -0.0048494786,
            1.0,
            0.2497344272,
            0.2835326316,
            0.1339971073,
            -0.0275241922
        ],
        [
            0.1497529377,
            0.2497344272,
            1.0,
            0.9539090147,
            0.123112237,
            0.0838834963
        ],
        [
            0.1288810641,
            0.2835326316,
            0.9539090147,
            1.0,
            0.1239638305,
            0.1083499043
        ],
        [
            -0.0646165868,
            0.1339971073,
            0.123112237,
            0.1239638305,
            1.0,
            -0.0349910054
        ],
        [
            0.0066862366,
            -0.0275241922,
            0.0838834963,
            0.1083499043,
            -0.0349910054,
            1.0
        ]
    ]
}