{
    "columns": [
        "Diện tích",
        "Mức giá",
        "Số phòng ngủ",
        "Số toilet",
        "Pháp lý",
        "Nội thất"
    ],
    "index": [
        "Diện tích",
        "Mức giá",
        "Số phòng ngủ",
        "Số toilet",
        "Pháp lý",
        "Nội thất"
    ],
    "data": [
        [
            1.0,
            -0.158437268,
            0.5211450165,
            0.5559848527,
            0.0516213642,
            0.096024215
        ],
        [
            -0.158437268,
            1.0,
            0.2107052396,
            0.227439935,
            -0.1073851468,
            -0.416054082
        ],
        [
            0.5211450165,
            0.2107052396,
            1.0,
            0.9263945173,
            -0.0541831828,
            -0.0326551346
        ],
        [
            0.5559848527,
            0.227439935,
            0.9263945173,
            1.0,
            -0.0227475546,
            -0.0421126046
        ],
        [
            0.0516213642,
            -0.1073851468,
            -0.0541831828,
            -0.0227475546,
            1.0,
            0.2087128451
        ],
        [
            0.096024215,
            -0.416054082,
            -0.0326551346,
            -0.0421126046,
            0.2087128451,
            1.0
        ]
    ]
}