{
    "columns": [
        "Diện tích",
        "Mức giá",
        "Số phòng ngủ",
        "Số toilet",
        "Pháp lý",
        "Nội thất"
    ],
    "index": [
        "Diện tích",
        "Mức giá",
        "Số phòng ngủ",
        "Số toilet",
        "Pháp lý",
        "Nội thất"
    ],
    "data": [
        [
            1.0,
            -0.1032672235,
            0.2329061477,
            0.2819044645,
            0.041109177,
            0.078791806
        ],
        [
            -0.1032672235,
            1.0,
            0.5100939617,
            0.493428151,
            -0.1328924805,
            -0.523728463
        ],
        [
            0.2329061477,
            0.5100939617,
            1.0,
            0.9195386763,
            -0.0921155126,
            -0.35103446
        ],
        [
            0.2819044645,
            0.493428151,
            0.9195386763,
            1.0,
            -0.059829904,
            -0.3420668208
        ],
        [
            0.041109177,
            -0.1328924805,
            -0.0921155126,
            -0.059829904,
            1.0,
            0.1031667032
        ],
        [
            0.078791806,
            -0.523728463,
            -0.35103446,
            -0.3420668208,
            0.1031667032,
            1.0
        ]
    ]
}