{
    "columns": [
        "Diện tích",
        "Mức giá",
        "Số phòng ngủ",
        "Số toilet",
        "Pháp lý",
        "Nội thất"
    ],
    "index": [
        "Diện tích",
        "Mức giá",
        "Số phòng ngủ",
        "Số toilet",
        "Pháp lý",
        "Nội thất"
    ],
    "data": [
        [
            1.0,
            0.24481659,
            0.3792070642,
            0.3620936118,
            0.0083122455,
            -0.08741132
        ],
        [
            0.24481659,
            1.0,
            0.4645823044,
            0.5627119185,
            0.0902756455,
            -0.137977529
        ],
        [
            0.3792070642,
            0.4645823044,
            1.0,
            0.9153343029,
            0.0929607187,
            -0.2139524989
        ],
        [
            0.3620936118,
            0.5627119185,
            0.9153343029,
            1.0,
            0.0909781002,
            -0.1478384204
        ],
        [
            0.0083122455,
            0.0902756455,
            0.0929607187,
            0.0909781002,
            1.0,
            0.111667011
        ],
        [
            -0.08741132,
            -0.137977529,
            -0.2139524989,
            -0.1478384204,
            0.111667011,
            1.0
        ]
    ]
}