{
    "columns": [
        "Diện tích",
        "Mức giá",
        "Số phòng ngủ",
        "Số toilet",
        "Pháp lý",
        "Nội thất"
    ],
    "index": [
        "Diện tích",
        "Mức giá",
        "Số phòng ngủ",
        "Số toilet",
        "Pháp lý",
        "Nội thất"
    ],
    "data": [
        [
            1.0,
            0.43607782,
            0.5038717082,
            0.4796339051,
            0.0423057622,
            -0.1693227276
        ],
        [
            0.43607782,
            1.0,
            0.499360728,
            0.5941127155,
            0.1095439029,
            -0.1589684219
        ],
        [
            0.5038717082,
            0.499360728,
            1.0,
            0.9119402226,
            0.0663884368,
            -0.258971533
        ],
        [
            0.4796339051,
            0.5941127155,
            0.9119402226,
            1.0,
            0.0773912366,
            -0.1967855029
        ],
        [
            0.0423057622,
            0.1095439029,
            0.0663884368,
            0.0773912366,
            1.0,
            0.1332179749
        ],
        [
            -0.1693227276,
            -0.1589684219,
            -0.258971533,
            -0.1967855029,
            0.1332179749,
            1.0
        ]
    ]
}