{
    "columns": [
        "Diện tích",
        "Mức giá",
        "Số phòng ngủ",
        "Số toilet",
        "Pháp lý",
        "Nội thất"
    ],
    "index": [
        "Diện tích",
        "Mức giá",
        "Số phòng ngủ",
        "Số toilet",
        "Pháp lý",
        "Nội thất"
    ],
    "data": [
        [
            1.0,
            -0.054242246,
            0.1537105865,
            0.1230843885,
            -0.0629267348,
            -0.0589406861
        ],
        [
            -0.054242246,
            1.0,
            0.4251559279,
            0.4918627322,
            0.0730740357,
            -0.1228690133
        ],
        [
            0.1537105865,
            0.4251559279,
            1.0,
            0.9257828667,
            0.0357373264,
            -0.0427762525
        ],
        [
            0.1230843885,
            0.4918627322,
            0.9257828667,
            1.0,
            0.0490197999,
            -0.0431876942
        ],
        [
            -0.0629267348,
            0.0730740357,
            0.0357373264,
            0.0490197999,
            1.0,
            0.0990222412
        ],
        [
            -0.0589406861,
            -0.1228690133,
            -0.0427762525,
            -0.0431876942,
            0.0990222412,
            1.0
        ]
    ]
}