{
    "columns": [
        "Diện tích",
        "Mức giá",
        "Số phòng ngủ",
        "Số toilet",
        "Pháp lý",
        "Nội thất"
    ],
    "index": [
        "Diện tích",
        "Mức giá",
        "Số phòng ngủ",
        "Số toilet",
        "Pháp lý",
        "Nội thất"
    ],
    "data": [
        [
            1.0,
            -0.0109982734,
            0.0478174121,
            0.049790909,
            0.0012231536,
            0.0068186175
        ],
        [
            -0.0109982734,
            1.0,
            0.1942448793,
            0.2451102223,
            0.1272690953,
            -0.0441654496
        ],
        [
            0.0478174121,
            0.1942448793,
            1.0,
            0.9294345137,
            0.060922203,
            0.032839657
        ],
        [
            0.049790909,
            0.2451102223,
            0.9294345137,
            1.0,
            0.0685324796,
            0.0350575721
        ],
        [
            0.0012231536,
            0.1272690953,
            0.060922203,
            0.0685324796,
            1.0,
            0.0566248528
        ],
        [
            0.0068186175,
            -0.0441654496,
            0.032839657,
            0.0350575721,
            0.0566248528,
            1.0
        ]
    ]
}