{
    "columns": [
        "Diện tích",
        "Mức giá",
        "Số phòng ngủ",
        "Số toilet",
        "Pháp lý",
        "Nội thất"
    ],
    "index": [
        "Diện tích",
        "Mức giá",
        "Số phòng ngủ",
        "Số toilet",
        "Pháp lý",
        "Nội thất"
    ],
    "data": [
        [
            1.0,
<<<<<<< HEAD
            -0.0785776864,
            0.0162473849,
            0.0214487829,
            0.0309423379,
            -0.0332147062
        ],
        [
            -0.0785776864,
            1.0,
            0.341532322,
            0.3778712951,
            0.0499697267,
            -0.139357694
        ],
        [
            0.0162473849,
            0.341532322,
            1.0,
            0.9537967099,
            0.0664458751,
            -0.0074540414
        ],
        [
            0.0214487829,
            0.3778712951,
            0.9537967099,
            1.0,
            0.0799686607,
            0.0230281647
        ],
        [
            0.0309423379,
            0.0499697267,
            0.0664458751,
            0.0799686607,
            1.0,
            0.1585647039
        ],
        [
            -0.0332147062,
            -0.139357694,
            -0.0074540414,
            0.0230281647,
            0.1585647039,
=======
            -0.0109982734,
            0.0478174121,
            0.049790909,
            0.0012231536,
            0.0068186175
        ],
        [
            -0.0109982734,
            1.0,
            0.1942448793,
            0.2451102223,
            0.1272690953,
            -0.0441654496
        ],
        [
            0.0478174121,
            0.1942448793,
            1.0,
            0.9294345137,
            0.060922203,
            0.032839657
        ],
        [
            0.049790909,
            0.2451102223,
            0.9294345137,
            1.0,
            0.0685324796,
            0.0350575721
        ],
        [
            0.0012231536,
            0.1272690953,
            0.060922203,
            0.0685324796,
            1.0,
            0.0566248528
        ],
        [
            0.0068186175,
            -0.0441654496,
            0.032839657,
            0.0350575721,
            0.0566248528,
>>>>>>> ngocbao
            1.0
        ]
    ]
}