{
    "columns": [
        "Diện tích",
        "Mức giá",
        "Số phòng ngủ",
        "Số toilet",
        "Pháp lý",
        "Nội thất"
    ],
    "index": [
        "Diện tích",
        "Mức giá",
        "Số phòng ngủ",
        "Số toilet",
        "Pháp lý",
        "Nội thất"
    ],
    "data": [
        [
            1.0,
            -0.0135290732,
            0.0520276534,
            0.0517524291,
            0.0013461918,
            0.0070601379
        ],
        [
            -0.0135290732,
            1.0,
            0.1939652793,
            0.2347847489,
            0.1220655993,
            -0.0231670708
        ],
        [
            0.0520276534,
            0.1939652793,
            1.0,
            0.9646282621,
            0.0560581006,
            0.0270624702
        ],
        [
            0.0517524291,
            0.2347847489,
            0.9646282621,
            1.0,
            0.0619206247,
            0.031515645
        ],
        [
            0.0013461918,
            0.1220655993,
            0.0560581006,
            0.0619206247,
            1.0,
            0.0656003979
        ],
        [
            0.0070601379,
            -0.0231670708,
            0.0270624702,
            0.031515645,
            0.0656003979,
            1.0
        ]
    ]
}