{
    "columns": [
        "Diện tích",
        "Mức giá",
        "Số phòng ngủ",
        "Số toilet",
        "Pháp lý",
        "Nội thất"
    ],
    "index": [
        "Diện tích",
        "Mức giá",
        "Số phòng ngủ",
        "Số toilet",
        "Pháp lý",
        "Nội thất"
    ],
    "data": [
        [
            1.0,
            -0.097694101,
            -0.0626196888,
            -0.0629812754,
            0.0333637789,
            0.0775113797
        ],
        [
            -0.097694101,
            1.0,
            0.296222714,
            0.3335080133,
            0.197488775,
            0.0865851471
        ],
        [
            -0.0626196888,
            0.296222714,
            1.0,
            0.9540862795,
            0.1277358276,
            0.0909738317
        ],
        [
            -0.0629812754,
            0.3335080133,
            0.9540862795,
            1.0,
            0.1576189999,
            0.1534884666
        ],
        [
            0.0333637789,
            0.197488775,
            0.1277358276,
            0.1576189999,
            1.0,
            0.1890122592
        ],
        [
            0.0775113797,
            0.0865851471,
            0.0909738317,
            0.1534884666,
            0.1890122592,
            1.0
        ]
    ]
}