{
    "columns": [
        "Diện tích",
        "Mức giá",
        "Số phòng ngủ",
        "Số toilet",
        "Pháp lý",
        "Nội thất"
    ],
    "index": [
        "Diện tích",
        "Mức giá",
        "Số phòng ngủ",
        "Số toilet",
        "Pháp lý",
        "Nội thất"
    ],
    "data": [
        [
            1.0,
            -0.104999396,
            -0.0468578209,
            -0.0506025806,
            0.019998599,
            -0.0786973256
        ],
        [
            -0.104999396,
            1.0,
            0.2240469612,
            0.2776439305,
            0.0978061977,
            0.0066021241
        ],
        [
            -0.0468578209,
            0.2240469612,
            1.0,
            0.9600355763,
            0.0667340103,
            0.1421157842
        ],
        [
            -0.0506025806,
            0.2776439305,
            0.9600355763,
            1.0,
            0.0804701984,
            0.1533736649
        ],
        [
            0.019998599,
            0.0978061977,
            0.0667340103,
            0.0804701984,
            1.0,
            0.0967169005
        ],
        [
            -0.0786973256,
            0.0066021241,
            0.1421157842,
            0.1533736649,
            0.0967169005,
            1.0
        ]
    ]
}