{
    "columns": [
        "Diện tích",
        "Mức giá",
        "Số phòng ngủ",
        "Số toilet",
        "Pháp lý",
        "Nội thất"
    ],
    "index": [
        "Diện tích",
        "Mức giá",
        "Số phòng ngủ",
        "Số toilet",
        "Pháp lý",
        "Nội thất"
    ],
    "data": [
        [
            1.0,
            0.2160712273,
            0.231617589,
            0.2112748505,
            0.0221211528,
            0.016192843
        ],
        [
            0.2160712273,
            1.0,
            0.2392932347,
            0.2804871711,
            0.0794580036,
            -0.046268649
        ],
        [
            0.231617589,
            0.2392932347,
            1.0,
            0.9619019703,
            0.0498332459,
            0.0796165286
        ],
        [
            0.2112748505,
            0.2804871711,
            0.9619019703,
            1.0,
            0.0527247344,
            0.0850674261
        ],
        [
            0.0221211528,
            0.0794580036,
            0.0498332459,
            0.0527247344,
            1.0,
            0.0244228442
        ],
        [
            0.016192843,
            -0.046268649,
            0.0796165286,
            0.0850674261,
            0.0244228442,
            1.0
        ]
    ]
}