{
    "columns": [
        "Diện tích",
        "Mức giá",
        "Số phòng ngủ",
        "Số toilet",
        "Pháp lý",
        "Nội thất"
    ],
    "index": [
        "Diện tích",
        "Mức giá",
        "Số phòng ngủ",
        "Số toilet",
        "Pháp lý",
        "Nội thất"
    ],
    "data": [
        [
            1.0,
            -0.1010153331,
            0.2172322314,
            0.2228413915,
            0.1064588437,
            -0.134701807
        ],
        [
            -0.1010153331,
            1.0,
            0.0187745177,
            0.0568386394,
            -0.1364232478,
            -0.0477057324
        ],
        [
            0.2172322314,
            0.0187745177,
            1.0,
            0.6244548556,
            0.023220173,
            -0.2238467699
        ],
        [
            0.2228413915,
            0.0568386394,
            0.6244548556,
            1.0,
            -0.0173370337,
            -0.128865972
        ],
        [
            0.1064588437,
            -0.1364232478,
            0.023220173,
            -0.0173370337,
            1.0,
            0.2528379117
        ],
        [
            -0.134701807,
            -0.0477057324,
            -0.2238467699,
            -0.128865972,
            0.2528379117,
            1.0
        ]
    ]
}