{
    "columns": [
        "Diện tích",
        "Mức giá",
        "Số phòng ngủ",
        "Số toilet",
        "Pháp lý",
        "Nội thất"
    ],
    "index": [
        "Diện tích",
        "Mức giá",
        "Số phòng ngủ",
        "Số toilet",
        "Pháp lý",
        "Nội thất"
    ],
    "data": [
        [
            1.0,
            0.4050134526,
            0.4769304267,
            0.5154796925,
            -0.0128699105,
            0.1003896766
        ],
        [
            0.4050134526,
            1.0,
            0.3004148221,
            0.3764212759,
            0.0357349159,
            -0.000310519
        ],
        [
            0.4769304267,
            0.3004148221,
            1.0,
            0.8719265079,
            0.0775165367,
            0.0680925234
        ],
        [
            0.5154796925,
            0.3764212759,
            0.8719265079,
            1.0,
            0.0813504759,
            0.0732691897
        ],
        [
            -0.0128699105,
            0.0357349159,
            0.0775165367,
            0.0813504759,
            1.0,
            -0.0303793724
        ],
        [
            0.1003896766,
            -0.000310519,
            0.0680925234,
            0.0732691897,
            -0.0303793724,
            1.0
        ]
    ]
}