{
    "columns": [
        "Diện tích",
        "Mức giá",
        "Số phòng ngủ",
        "Số toilet",
        "Pháp lý",
        "Nội thất"
    ],
    "index": [
        "Diện tích",
        "Mức giá",
        "Số phòng ngủ",
        "Số toilet",
        "Pháp lý",
        "Nội thất"
    ],
    "data": [
        [
            1.0,
            0.1140230864,
            0.2534159227,
            0.2164149217,
            0.0290440552,
            -0.076709286
        ],
        [
            0.1140230864,
            1.0,
            0.4256056541,
            0.4499222648,
            0.2420933393,
            -0.0595824021
        ],
        [
            0.2534159227,
            0.4256056541,
            1.0,
            0.950402646,
            0.1479121102,
            0.0280025413
        ],
        [
            0.2164149217,
            0.4499222648,
            0.950402646,
            1.0,
            0.1489891293,
            0.025801611
        ],
        [
            0.0290440552,
            0.2420933393,
            0.1479121102,
            0.1489891293,
            1.0,
            0.0495241461
        ],
        [
            -0.076709286,
            -0.0595824021,
            0.0280025413,
            0.025801611,
            0.0495241461,
            1.0
        ]
    ]
}