{
    "columns": [
        "Diện tích",
        "Mức giá",
        "Số phòng ngủ",
        "Số toilet",
        "Pháp lý",
        "Nội thất"
    ],
    "index": [
        "Diện tích",
        "Mức giá",
        "Số phòng ngủ",
        "Số toilet",
        "Pháp lý",
        "Nội thất"
    ],
    "data": [
        [
            1.0,
            -0.0566927255,
            0.3659112049,
            0.3917774926,
            0.0084022087,
            0.0267311487
        ],
        [
            -0.0566927255,
            1.0,
            0.1412324279,
            0.2299034965,
            0.1834986174,
            -0.0904809056
        ],
        [
            0.3659112049,
            0.1412324279,
            1.0,
            0.89021879,
            0.0924040064,
            0.0946319501
        ],
        [
            0.3917774926,
            0.2299034965,
            0.89021879,
            1.0,
            0.1315326408,
            0.1066287908
        ],
        [
            0.0084022087,
            0.1834986174,
            0.0924040064,
            0.1315326408,
            1.0,
            -0.0633312767
        ],
        [
            0.0267311487,
            -0.0904809056,
            0.0946319501,
            0.1066287908,
            -0.0633312767,
            1.0
        ]
    ]
}