{
    "columns": [
        "Diện tích",
        "Mức giá",
        "Số phòng ngủ",
        "Số toilet",
        "Pháp lý",
        "Nội thất"
    ],
    "index": [
        "Diện tích",
        "Mức giá",
        "Số phòng ngủ",
        "Số toilet",
        "Pháp lý",
        "Nội thất"
    ],
    "data": [
        [
            1.0,
<<<<<<< HEAD
            -0.0910801348,
            -0.0583445806,
            -0.0579039571,
            0.0337287918,
            0.0722096421
        ],
        [
            -0.0910801348,
            1.0,
            0.310988722,
            0.3504558125,
            0.1940379401,
            0.0627397641
        ],
        [
            -0.0583445806,
            0.310988722,
            1.0,
            0.9546036007,
            0.1315476619,
            0.0781844366
        ],
        [
            -0.0579039571,
            0.3504558125,
            0.9546036007,
            1.0,
            0.1580474535,
            0.1319933148
        ],
        [
            0.0337287918,
            0.1940379401,
            0.1315476619,
            0.1580474535,
            1.0,
            0.2131857457
        ],
        [
            0.0722096421,
            0.0627397641,
            0.0781844366,
            0.1319933148,
            0.2131857457,
=======
            -0.0074703997,
            0.0493695325,
            0.0435354971,
            0.0096930222,
            0.0069274308
        ],
        [
            -0.0074703997,
            1.0,
            0.2490652401,
            0.4658765564,
            0.0997744459,
            -0.0970278645
        ],
        [
            0.0493695325,
            0.2490652401,
            1.0,
            0.6696291538,
            0.0678860231,
            0.0468810001
        ],
        [
            0.0435354971,
            0.4658765564,
            0.6696291538,
            1.0,
            0.1051865332,
            0.0530116721
        ],
        [
            0.0096930222,
            0.0997744459,
            0.0678860231,
            0.1051865332,
            1.0,
            0.1206506757
        ],
        [
            0.0069274308,
            -0.0970278645,
            0.0468810001,
            0.0530116721,
            0.1206506757,
>>>>>>> ngocbao
            1.0
        ]
    ]
}