{
    "columns": [
        "Diện tích",
        "Mức giá",
        "Số phòng ngủ",
        "Số toilet",
        "Pháp lý",
        "Nội thất"
    ],
    "index": [
        "Diện tích",
        "Mức giá",
        "Số phòng ngủ",
        "Số toilet",
        "Pháp lý",
        "Nội thất"
    ],
    "data": [
        [
            1.0,
            -0.0074703997,
            0.0493695325,
            0.0435354971,
            0.0096930222,
            0.0069274308
        ],
        [
            -0.0074703997,
            1.0,
            0.2490652401,
            0.4658765564,
            0.0997744459,
            -0.0970278645
        ],
        [
            0.0493695325,
            0.2490652401,
            1.0,
            0.6696291538,
            0.0678860231,
            0.0468810001
        ],
        [
            0.0435354971,
            0.4658765564,
            0.6696291538,
            1.0,
            0.1051865332,
            0.0530116721
        ],
        [
            0.0096930222,
            0.0997744459,
            0.0678860231,
            0.1051865332,
            1.0,
            0.1206506757
        ],
        [
            0.0069274308,
            -0.0970278645,
            0.0468810001,
            0.0530116721,
            0.1206506757,
            1.0
        ]
    ]
}