{
    "columns": [
        "Diện tích",
        "Mức giá",
        "Số phòng ngủ",
        "Số toilet",
        "Pháp lý",
        "Nội thất"
    ],
    "index": [
        "Diện tích",
        "Mức giá",
        "Số phòng ngủ",
        "Số toilet",
        "Pháp lý",
        "Nội thất"
    ],
    "data": [
        [
            1.0,
            -0.0869750861,
            -0.0543279726,
            -0.0540723424,
            0.0377039887,
            0.0686726672
        ],
        [
            -0.0869750861,
            1.0,
            0.3219772726,
            0.3609106898,
            0.2183394216,
            0.053043954
        ],
        [
            -0.0543279726,
            0.3219772726,
            1.0,
            0.955182575,
            0.152194572,
            0.067071602
        ],
        [
            -0.0540723424,
            0.3609106898,
            0.955182575,
            1.0,
            0.1750311603,
            0.1201603206
        ],
        [
            0.0377039887,
            0.2183394216,
            0.152194572,
            0.1750311603,
            1.0,
            0.1932374912
        ],
        [
            0.0686726672,
            0.053043954,
            0.067071602,
            0.1201603206,
            0.1932374912,
            1.0
        ]
    ]
}