{
    "columns": [
        "Diện tích",
        "Mức giá",
        "Số phòng ngủ",
        "Số toilet",
        "Pháp lý",
        "Nội thất"
    ],
    "index": [
        "Diện tích",
        "Mức giá",
        "Số phòng ngủ",
        "Số toilet",
        "Pháp lý",
        "Nội thất"
    ],
    "data": [
        [
            1.0,
            -0.4285701479,
            0.3784928243,
            0.6351817577,
            -0.5860332915,
            0.411159371
        ],
        [
            -0.4285701479,
            1.0,
            0.0915837586,
            -0.1860677963,
            0.2501921151,
            -0.1789112604
        ],
        [
            0.3784928243,
            0.0915837586,
            1.0,
            0.7290608658,
            -0.0906298915,
            0.3464005727
        ],
        [
            0.6351817577,
            -0.1860677963,
            0.7290608658,
            1.0,
            -0.5673290746,
            0.5062700731
        ],
        [
            -0.5860332915,
            0.2501921151,
            -0.0906298915,
            -0.5673290746,
            1.0,
            -0.2248320496
        ],
        [
            0.411159371,
            -0.1789112604,
            0.3464005727,
            0.5062700731,
            -0.2248320496,
            1.0
        ]
    ]
}