{
    "columns": [
        "Diện tích",
        "Mức giá",
        "Số phòng ngủ",
        "Số toilet",
        "Pháp lý",
        "Nội thất"
    ],
    "index": [
        "Diện tích",
        "Mức giá",
        "Số phòng ngủ",
        "Số toilet",
        "Pháp lý",
        "Nội thất"
    ],
    "data": [
        [
            1.0,
            -0.1192695674,
            0.3578865237,
            0.47237501,
            0.016045614,
            0.1716688908
        ],
        [
            -0.1192695674,
            1.0,
            -0.0952054972,
            -0.1279788299,
            -0.4978833996,
            -0.1825623052
        ],
        [
            0.3578865237,
            -0.0952054972,
            1.0,
            0.9194149183,
            -0.0232676012,
            0.1802538778
        ],
        [
            0.47237501,
            -0.1279788299,
            0.9194149183,
            1.0,
            0.0204309551,
            0.2172152585
        ],
        [
            0.016045614,
            -0.4978833996,
            -0.0232676012,
            0.0204309551,
            1.0,
            0.1225550391
        ],
        [
            0.1716688908,
            -0.1825623052,
            0.1802538778,
            0.2172152585,
            0.1225550391,
            1.0
        ]
    ]
}