{
    "columns": [
        "Diện tích",
        "Mức giá",
        "Số phòng ngủ",
        "Số toilet",
        "Pháp lý",
        "Nội thất"
    ],
    "index": [
        "Diện tích",
        "Mức giá",
        "Số phòng ngủ",
        "Số toilet",
        "Pháp lý",
        "Nội thất"
    ],
    "data": [
        [
            1.0,
            0.037212625,
            0.1218804586,
            0.1177944582,
            -0.3469204487,
            -0.0794173826
        ],
        [
            0.037212625,
            1.0,
            0.2971300163,
            0.3364626327,
            0.1979451341,
            -0.0116993694
        ],
        [
            0.1218804586,
            0.2971300163,
            1.0,
            0.9619616213,
            0.1226830767,
            -0.0083260867
        ],
        [
            0.1177944582,
            0.3364626327,
            0.9619616213,
            1.0,
            0.1329258448,
            -0.0071355421
        ],
        [
            -0.3469204487,
            0.1979451341,
            0.1226830767,
            0.1329258448,
            1.0,
            0.0915758437
        ],
        [
            -0.0794173826,
            -0.0116993694,
            -0.0083260867,
            -0.0071355421,
            0.0915758437,
            1.0
        ]
    ]
}