{
    "columns": [
        "Diện tích",
        "Mức giá",
        "Số phòng ngủ",
        "Số toilet",
        "Pháp lý",
        "Nội thất"
    ],
    "index": [
        "Diện tích",
        "Mức giá",
        "Số phòng ngủ",
        "Số toilet",
        "Pháp lý",
        "Nội thất"
    ],
    "data": [
        [
            1.0,
            0.0378721687,
            0.1219788599,
            0.1178849414,
            -0.3467313527,
            -0.0792198068
        ],
        [
            0.0378721687,
            1.0,
            0.2970486752,
            0.3363506103,
            0.1981341896,
            -0.0105470892
        ],
        [
            0.1219788599,
            0.2970486752,
            1.0,
            0.9619478491,
            0.122788498,
            -0.0085068128
        ],
        [
            0.1178849414,
            0.3363506103,
            0.9619478491,
            1.0,
            0.1329937887,
            -0.0069952574
        ],
        [
            -0.3467313527,
            0.1981341896,
            0.122788498,
            0.1329937887,
            1.0,
            0.0911882068
        ],
        [
            -0.0792198068,
            -0.0105470892,
            -0.0085068128,
            -0.0069952574,
            0.0911882068,
            1.0
        ]
    ]
}