{
    "columns": [
        "Diện tích",
        "Mức giá",
        "Số phòng ngủ",
        "Số toilet",
        "Pháp lý",
        "Nội thất"
    ],
    "index": [
        "Diện tích",
        "Mức giá",
        "Số phòng ngủ",
        "Số toilet",
        "Pháp lý",
        "Nội thất"
    ],
    "data": [
        [
            1.0,
            -0.429221463,
            -0.0609569006,
            -0.0572722763,
            0.0774033927,
            0.2809274028
        ],
        [
            -0.429221463,
            1.0,
            0.6102961094,
            0.6377321119,
            0.1504792936,
            0.2397257027
        ],
        [
            -0.0609569006,
            0.6102961094,
            1.0,
            0.997776202,
            0.1692055971,
            0.6092322541
        ],
        [
            -0.0572722763,
            0.6377321119,
            0.997776202,
            1.0,
            0.1723715975,
            0.6028753818
        ],
        [
            0.0774033927,
            0.1504792936,
            0.1692055971,
            0.1723715975,
            1.0,
            0.3457690239
        ],
        [
            0.2809274028,
            0.2397257027,
            0.6092322541,
            0.6028753818,
            0.3457690239,
            1.0
        ]
    ]
}