{
    "columns": [
        "Diện tích",
        "Mức giá",
        "Số phòng ngủ",
        "Số toilet",
        "Pháp lý",
        "Nội thất"
    ],
    "index": [
        "Diện tích",
        "Mức giá",
        "Số phòng ngủ",
        "Số toilet",
        "Pháp lý",
        "Nội thất"
    ],
    "data": [
        [
            1.0,
            0.1261996966,
            0.3826467521,
            0.3607287016,
            -0.0177735387,
            -0.0131632586
        ],
        [
            0.1261996966,
            1.0,
            0.2272759804,
            0.2297713482,
            0.2078424155,
            -0.0598164414
        ],
        [
            0.3826467521,
            0.2272759804,
            1.0,
            0.9958290476,
            0.0604137353,
            0.0186499457
        ],
        [
            0.3607287016,
            0.2297713482,
            0.9958290476,
            1.0,
            0.0584549136,
            0.0125847217
        ],
        [
            -0.0177735387,
            0.2078424155,
            0.0604137353,
            0.0584549136,
            1.0,
            -0.0440996949
        ],
        [
            -0.0131632586,
            -0.0598164414,
            0.0186499457,
            0.0125847217,
            -0.0440996949,
            1.0
        ]
    ]
}