{
    "columns": [
        "Diện tích",
        "Mức giá",
        "Số phòng ngủ",
        "Số toilet",
        "Pháp lý",
        "Nội thất"
    ],
    "index": [
        "Diện tích",
        "Mức giá",
        "Số phòng ngủ",
        "Số toilet",
        "Pháp lý",
        "Nội thất"
    ],
    "data": [
        [
            1.0,
            -0.1365955892,
            0.1522108222,
            0.1336452536,
            0.0006630476,
            0.082483342
        ],
        [
            -0.1365955892,
            1.0,
            0.2506042038,
            0.295326492,
            0.1932016152,
            -0.0970299243
        ],
        [
            0.1522108222,
            0.2506042038,
            1.0,
            0.9780590645,
            0.1020609432,
            0.0399105421
        ],
        [
            0.1336452536,
            0.295326492,
            0.9780590645,
            1.0,
            0.1071745617,
            0.0433079776
        ],
        [
            0.0006630476,
            0.1932016152,
            0.1020609432,
            0.1071745617,
            1.0,
            -0.0245326857
        ],
        [
            0.082483342,
            -0.0970299243,
            0.0399105421,
            0.0433079776,
            -0.0245326857,
            1.0
        ]
    ]
}