{
    "columns": [
        "Diện tích",
        "Mức giá",
        "Số phòng ngủ",
        "Số toilet",
        "Pháp lý",
        "Nội thất"
    ],
    "index": [
        "Diện tích",
        "Mức giá",
        "Số phòng ngủ",
        "Số toilet",
        "Pháp lý",
        "Nội thất"
    ],
    "data": [
        [
            1.0,
            -0.4815147063,
            -0.1183746872,
            0.0179015621,
            -0.467263734,
            -0.053150061
        ],
        [
            -0.4815147063,
            1.0,
            0.3198433957,
            0.2933787385,
            0.4086400403,
            -0.0938960888
        ],
        [
            -0.1183746872,
            0.3198433957,
            1.0,
            0.7614837281,
            0.5428477709,
            -0.0221493673
        ],
        [
            0.0179015621,
            0.2933787385,
            0.7614837281,
            1.0,
            0.5141885795,
            0.1067887167
        ],
        [
            -0.467263734,
            0.4086400403,
            0.5428477709,
            0.5141885795,
            1.0,
            -0.0728791929
        ],
        [
            -0.053150061,
            -0.0938960888,
            -0.0221493673,
            0.1067887167,
            -0.0728791929,
            1.0
        ]
    ]
}