{
    "columns": [
        "Diện tích",
        "Mức giá",
        "Số phòng ngủ",
        "Số toilet",
        "Pháp lý",
        "Nội thất"
    ],
    "index": [
        "Diện tích",
        "Mức giá",
        "Số phòng ngủ",
        "Số toilet",
        "Pháp lý",
        "Nội thất"
    ],
    "data": [
        [
            1.0,
            -0.0198390015,
            0.397685022,
            0.2855751155,
            -0.0135601729,
            0.0208162041
        ],
        [
            -0.0198390015,
            1.0,
            0.1142287711,
            0.1770718633,
            -0.0008704354,
            -0.062172939
        ],
        [
            0.397685022,
            0.1142287711,
            1.0,
            0.7679829362,
            0.0895257011,
            -0.0261131595
        ],
        [
            0.2855751155,
            0.1770718633,
            0.7679829362,
            1.0,
            0.0710957569,
            -0.0526732688
        ],
        [
            -0.0135601729,
            -0.0008704354,
            0.0895257011,
            0.0710957569,
            1.0,
            0.0716853816
        ],
        [
            0.0208162041,
            -0.062172939,
            -0.0261131595,
            -0.0526732688,
            0.0716853816,
            1.0
        ]
    ]
}