{
    "columns": [
        "Diện tích",
        "Mức giá",
        "Số phòng ngủ",
        "Số toilet",
        "Pháp lý",
        "Nội thất"
    ],
    "index": [
        "Diện tích",
        "Mức giá",
        "Số phòng ngủ",
        "Số toilet",
        "Pháp lý",
        "Nội thất"
    ],
    "data": [
        [
            1.0,
            -0.13235121,
            0.149441804,
            0.1292107991,
            -0.0152464451,
            0.0127914561
        ],
        [
            -0.13235121,
            1.0,
            -0.0258832939,
            0.0011487795,
            0.0517628683,
            0.0108787954
        ],
        [
            0.149441804,
            -0.0258832939,
            1.0,
            0.9794701536,
            0.0399302651,
            0.0669907281
        ],
        [
            0.1292107991,
            0.0011487795,
            0.9794701536,
            1.0,
            0.0504377054,
            0.0786600892
        ],
        [
            -0.0152464451,
            0.0517628683,
            0.0399302651,
            0.0504377054,
            1.0,
            0.0857954231
        ],
        [
            0.0127914561,
            0.0108787954,
            0.0669907281,
            0.0786600892,
            0.0857954231,
            1.0
        ]
    ]
}