{
    "columns": [
        "Diện tích",
        "Mức giá",
        "Số phòng ngủ",
        "Số toilet",
        "Pháp lý",
        "Nội thất"
    ],
    "index": [
        "Diện tích",
        "Mức giá",
        "Số phòng ngủ",
        "Số toilet",
        "Pháp lý",
        "Nội thất"
    ],
    "data": [
        [
            1.0,
            -0.1314553194,
            0.0859073442,
            0.1186045212,
            -0.0101782431,
            0.0520846119
        ],
        [
            -0.1314553194,
            1.0,
            -0.0215883785,
            0.0307418271,
            0.0722015561,
            0.0117587951
        ],
        [
            0.0859073442,
            -0.0215883785,
            1.0,
            0.6360689907,
            0.0330915435,
            0.0587965186
        ],
        [
            0.1186045212,
            0.0307418271,
            0.6360689907,
            1.0,
            0.0594208479,
            0.074567786
        ],
        [
            -0.0101782431,
            0.0722015561,
            0.0330915435,
            0.0594208479,
            1.0,
            0.0404606176
        ],
        [
            0.0520846119,
            0.0117587951,
            0.0587965186,
            0.074567786,
            0.0404606176,
            1.0
        ]
    ]
}