{
    "columns": [
        "Diện tích",
        "Mức giá",
        "Số phòng ngủ",
        "Số toilet",
        "Pháp lý",
        "Nội thất"
    ],
    "index": [
        "Diện tích",
        "Mức giá",
        "Số phòng ngủ",
        "Số toilet",
        "Pháp lý",
        "Nội thất"
    ],
    "data": [
        [
            1.0,
            -0.0413872064,
            0.1923153217,
            0.1843522036,
            -0.0913404523,
            -0.0414711981
        ],
        [
            -0.0413872064,
            1.0,
            0.083233525,
            0.0849253731,
            0.0302601418,
            0.0295208406
        ],
        [
            0.1923153217,
            0.083233525,
            1.0,
            0.9815212932,
            0.0332425075,
            0.0767432647
        ],
        [
            0.1843522036,
            0.0849253731,
            0.9815212932,
            1.0,
            0.0310262873,
            0.076766459
        ],
        [
            -0.0913404523,
            0.0302601418,
            0.0332425075,
            0.0310262873,
            1.0,
            0.0701804531
        ],
        [
            -0.0414711981,
            0.0295208406,
            0.0767432647,
            0.076766459,
            0.0701804531,
            1.0
        ]
    ]
}