{
    "columns": [
        "Diện tích",
        "Mức giá",
        "Số phòng ngủ",
        "Số toilet",
        "Pháp lý",
        "Nội thất"
    ],
    "index": [
        "Diện tích",
        "Mức giá",
        "Số phòng ngủ",
        "Số toilet",
        "Pháp lý",
        "Nội thất"
    ],
    "data": [
        [
            1.0,
            -0.0472496944,
            0.1846077342,
            0.177324241,
            -0.1241694678,
            -0.0754816836
        ],
        [
            -0.0472496944,
            1.0,
            0.0655360744,
            0.0726062371,
            0.0397637168,
            0.0220030622
        ],
        [
            0.1846077342,
            0.0655360744,
            1.0,
            0.9806709534,
            0.0230589739,
            0.0548566839
        ],
        [
            0.177324241,
            0.0726062371,
            0.9806709534,
            1.0,
            0.024201098,
            0.057264507
        ],
        [
            -0.1241694678,
            0.0397637168,
            0.0230589739,
            0.024201098,
            1.0,
            0.1458191504
        ],
        [
            -0.0754816836,
            0.0220030622,
            0.0548566839,
            0.057264507,
            0.1458191504,
            1.0
        ]
    ]
}