{
    "columns": [
        "Diện tích",
        "Mức giá",
        "Số phòng ngủ",
        "Số toilet",
        "Pháp lý",
        "Nội thất"
    ],
    "index": [
        "Diện tích",
        "Mức giá",
        "Số phòng ngủ",
        "Số toilet",
        "Pháp lý",
        "Nội thất"
    ],
    "data": [
        [
            1.0,
            0.1713706555,
            0.2668461895,
            0.2754073629,
            -0.0157040351,
            -0.0233303716
        ],
        [
            0.1713706555,
            1.0,
            0.1275826756,
            0.167071383,
            0.010693613,
            0.0299194024
        ],
        [
            0.2668461895,
            0.1275826756,
            1.0,
            0.9465525696,
            0.032182262,
            0.0839650102
        ],
        [
            0.2754073629,
            0.167071383,
            0.9465525696,
            1.0,
            0.0416556643,
            0.0999529078
        ],
        [
            -0.0157040351,
            0.010693613,
            0.032182262,
            0.0416556643,
            1.0,
            0.0958525156
        ],
        [
            -0.0233303716,
            0.0299194024,
            0.0839650102,
            0.0999529078,
            0.0958525156,
            1.0
        ]
    ]
}