{
    "columns": [
        "Diện tích",
        "Mức giá",
        "Số phòng ngủ",
        "Số toilet",
        "Pháp lý",
        "Nội thất"
    ],
    "index": [
        "Diện tích",
        "Mức giá",
        "Số phòng ngủ",
        "Số toilet",
        "Pháp lý",
        "Nội thất"
    ],
    "data": [
        [
            1.0,
            0.1809179004,
            0.2591686277,
            0.2691801226,
            -0.0192197314,
            -0.0315741546
        ],
        [
            0.1809179004,
            1.0,
            0.1154841566,
            0.1538379871,
            0.0171535073,
            0.0160570638
        ],
        [
            0.2591686277,
            0.1154841566,
            1.0,
            0.9486357098,
            0.0287231256,
            0.090908002
        ],
        [
            0.2691801226,
            0.1538379871,
            0.9486357098,
            1.0,
            0.0381009284,
            0.1042661899
        ],
        [
            -0.0192197314,
            0.0171535073,
            0.0287231256,
            0.0381009284,
            1.0,
            0.0787739759
        ],
        [
            -0.0315741546,
            0.0160570638,
            0.090908002,
            0.1042661899,
            0.0787739759,
            1.0
        ]
    ]
}