{
    "columns": [
        "Diện tích",
        "Mức giá",
        "Số phòng ngủ",
        "Số toilet",
        "Pháp lý",
        "Nội thất"
    ],
    "index": [
        "Diện tích",
        "Mức giá",
        "Số phòng ngủ",
        "Số toilet",
        "Pháp lý",
        "Nội thất"
    ],
    "data": [
        [
            1.0,
            -0.2654325092,
            0.1412470039,
            0.2036677505,
            0.0440241507,
            -0.0634884725
        ],
        [
            -0.2654325092,
            1.0,
            0.0591711052,
            0.0688954367,
            -0.0474947774,
            0.0263389659
        ],
        [
            0.1412470039,
            0.0591711052,
            1.0,
            0.7684293649,
            0.0568827435,
            -0.0920707819
        ],
        [
            0.2036677505,
            0.0688954367,
            0.7684293649,
            1.0,
            0.0456047193,
            -0.0995515458
        ],
        [
            0.0440241507,
            -0.0474947774,
            0.0568827435,
            0.0456047193,
            1.0,
            0.1614401603
        ],
        [
            -0.0634884725,
            0.0263389659,
            -0.0920707819,
            -0.0995515458,
            0.1614401603,
            1.0
        ]
    ]
}