{
    "columns": [
        "Diện tích",
        "Mức giá",
        "Số phòng ngủ",
        "Số toilet",
        "Pháp lý",
        "Nội thất"
    ],
    "index": [
        "Diện tích",
        "Mức giá",
        "Số phòng ngủ",
        "Số toilet",
        "Pháp lý",
        "Nội thất"
    ],
    "data": [
        [
            1.0,
            0.0115587736,
            0.4184691513,
            0.2551570499,
            -0.0369901535,
            0.0250648026
        ],
        [
            0.0115587736,
            1.0,
            0.1568938839,
            0.2086309588,
            0.0321172861,
            -0.0314155969
        ],
        [
            0.4184691513,
            0.1568938839,
            1.0,
            0.7653158207,
            0.0756021731,
            -0.0540009491
        ],
        [
            0.2551570499,
            0.2086309588,
            0.7653158207,
            1.0,
            0.0656607439,
            -0.0835199773
        ],
        [
            -0.0369901535,
            0.0321172861,
            0.0756021731,
            0.0656607439,
            1.0,
            0.0485912044
        ],
        [
            0.0250648026,
            -0.0314155969,
            -0.0540009491,
            -0.0835199773,
            0.0485912044,
            1.0
        ]
    ]
}