{
    "columns": [
        "Diện tích",
        "Mức giá",
        "Số phòng ngủ",
        "Số toilet",
        "Pháp lý",
        "Nội thất"
    ],
    "index": [
        "Diện tích",
        "Mức giá",
        "Số phòng ngủ",
        "Số toilet",
        "Pháp lý",
        "Nội thất"
    ],
    "data": [
        [
            1.0,
            -0.0597016412,
            0.1830679972,
            0.1768490255,
            -0.1114143785,
            -0.0791504948
        ],
        [
            -0.0597016412,
            1.0,
            0.0394713578,
            0.0458657036,
            0.0460822566,
            0.0232302107
        ],
        [
            0.1830679972,
            0.0394713578,
            1.0,
            0.9786339911,
            0.0202330967,
            0.024329287
        ],
        [
            0.1768490255,
            0.0458657036,
            0.9786339911,
            1.0,
            0.0210019513,
            0.0271346982
        ],
        [
            -0.1114143785,
            0.0460822566,
            0.0202330967,
            0.0210019513,
            1.0,
            0.1467391059
        ],
        [
            -0.0791504948,
            0.0232302107,
            0.024329287,
            0.0271346982,
            0.1467391059,
            1.0
        ]
    ]
}