{
    "columns": [
        "Diện tích",
        "Mức giá",
        "Số phòng ngủ",
        "Số toilet",
        "Pháp lý",
        "Nội thất"
    ],
    "index": [
        "Diện tích",
        "Mức giá",
        "Số phòng ngủ",
        "Số toilet",
        "Pháp lý",
        "Nội thất"
    ],
    "data": [
        [
            1.0,
            0.057807854,
            -0.0853119718,
            -0.0749687447,
            0.0693669924,
            0.1798580005
        ],
        [
            0.057807854,
            1.0,
            -0.0125385114,
            -0.0035412494,
            -0.1524071929,
            -0.0070255582
        ],
        [
            -0.0853119718,
            -0.0125385114,
            1.0,
            0.9416320211,
            0.0409371101,
            0.2733032881
        ],
        [
            -0.0749687447,
            -0.0035412494,
            0.9416320211,
            1.0,
            0.0937183533,
            0.3879681136
        ],
        [
            0.0693669924,
            -0.1524071929,
            0.0409371101,
            0.0937183533,
            1.0,
            0.336222036
        ],
        [
            0.1798580005,
            -0.0070255582,
            0.2733032881,
            0.3879681136,
            0.336222036,
            1.0
        ]
    ]
}