{
    "columns": [
        "Diện tích",
        "Mức giá",
        "Số phòng ngủ",
        "Số toilet",
        "Pháp lý",
        "Nội thất"
    ],
    "index": [
        "Diện tích",
        "Mức giá",
        "Số phòng ngủ",
        "Số toilet",
        "Pháp lý",
        "Nội thất"
    ],
    "data": [
        [
            1.0,
            -0.0735139398,
            0.2135222755,
            0.2049740686,
            -0.1189512334,
            0.1078084964
        ],
        [
            -0.0735139398,
            1.0,
            -0.0815937019,
            -0.0599317251,
            0.0590806665,
            -0.0809685966
        ],
        [
            0.2135222755,
            -0.0815937019,
            1.0,
            0.9917845622,
            0.008080428,
            0.2426703116
        ],
        [
            0.2049740686,
            -0.0599317251,
            0.9917845622,
            1.0,
            0.0366482523,
            0.2554440946
        ],
        [
            -0.1189512334,
            0.0590806665,
            0.008080428,
            0.0366482523,
            1.0,
            0.1672894424
        ],
        [
            0.1078084964,
            -0.0809685966,
            0.2426703116,
            0.2554440946,
            0.1672894424,
            1.0
        ]
    ]
}