{
    "columns": [
        "Diện tích",
        "Mức giá",
        "Số phòng ngủ",
        "Số toilet",
        "Pháp lý",
        "Nội thất"
    ],
    "index": [
        "Diện tích",
        "Mức giá",
        "Số phòng ngủ",
        "Số toilet",
        "Pháp lý",
        "Nội thất"
    ],
    "data": [
        [
            1.0,
            0.3298922137,
            -0.0362799546,
            -0.0742899227,
            -0.0690910908,
            0.1117258113
        ],
        [
            0.3298922137,
            1.0,
            -0.0119005571,
            0.0253485666,
            -0.1649821634,
            0.3293953544
        ],
        [
            -0.0362799546,
            -0.0119005571,
            1.0,
            0.9535094836,
            0.0297642564,
            0.2724213274
        ],
        [
            -0.0742899227,
            0.0253485666,
            0.9535094836,
            1.0,
            0.0459159986,
            0.385980956
        ],
        [
            -0.0690910908,
            -0.1649821634,
            0.0297642564,
            0.0459159986,
            1.0,
            0.2552065078
        ],
        [
            0.1117258113,
            0.3293953544,
            0.2724213274,
            0.385980956,
            0.2552065078,
            1.0
        ]
    ]
}