{
    "columns": [
        "Diện tích",
        "Mức giá",
        "Số phòng ngủ",
        "Số toilet",
        "Pháp lý",
        "Nội thất"
    ],
    "index": [
        "Diện tích",
        "Mức giá",
        "Số phòng ngủ",
        "Số toilet",
        "Pháp lý",
        "Nội thất"
    ],
    "data": [
        [
            1.0,
            -0.0020287965,
            0.4256459165,
            0.232455132,
            -0.0425570621,
            0.0197990803
        ],
        [
            -0.0020287965,
            1.0,
            0.1505823602,
            0.2008538242,
            0.03860543,
            -0.0368105984
        ],
        [
            0.4256459165,
            0.1505823602,
            1.0,
            0.7424932395,
            0.0771800717,
            -0.0539842608
        ],
        [
            0.232455132,
            0.2008538242,
            0.7424932395,
            1.0,
            0.0711670232,
            -0.09630811
        ],
        [
            -0.0425570621,
            0.03860543,
            0.0771800717,
            0.0711670232,
            1.0,
            0.0440280379
        ],
        [
            0.0197990803,
            -0.0368105984,
            -0.0539842608,
            -0.09630811,
            0.0440280379,
            1.0
        ]
    ]
}