{
    "columns": [
        "Diện tích",
        "Mức giá",
        "Số phòng ngủ",
        "Số toilet",
        "Pháp lý",
        "Nội thất"
    ],
    "index": [
        "Diện tích",
        "Mức giá",
        "Số phòng ngủ",
        "Số toilet",
        "Pháp lý",
        "Nội thất"
    ],
    "data": [
        [
            1.0,
            0.1718394563,
            0.2771143386,
            0.2865389406,
            -0.0056173748,
            -0.0172538697
        ],
        [
            0.1718394563,
            1.0,
            0.1325837616,
            0.1723952509,
            0.0013215551,
            0.0292099503
        ],
        [
            0.2771143386,
            0.1325837616,
            1.0,
            0.9465447366,
            0.0333894479,
            0.0816303566
        ],
        [
            0.2865389406,
            0.1723952509,
            0.9465447366,
            1.0,
            0.0412311428,
            0.096115735
        ],
        [
            -0.0056173748,
            0.0013215551,
            0.0333894479,
            0.0412311428,
            1.0,
            0.082415898
        ],
        [
            -0.0172538697,
            0.0292099503,
            0.0816303566,
            0.096115735,
            0.082415898,
            1.0
        ]
    ]
}