{
    "columns": [
        "Diện tích",
        "Mức giá",
        "Số phòng ngủ",
        "Số toilet",
        "Pháp lý",
        "Nội thất"
    ],
    "index": [
        "Diện tích",
        "Mức giá",
        "Số phòng ngủ",
        "Số toilet",
        "Pháp lý",
        "Nội thất"
    ],
    "data": [
        [
            1.0,
            -0.1192614547,
            0.0731127348,
            0.0762156051,
            0.0136474082,
            0.0215233787
        ],
        [
            -0.1192614547,
            1.0,
            -0.2352551927,
            -0.2322415676,
            0.1258070635,
            0.1046434383
        ],
        [
            0.0731127348,
            -0.2352551927,
            1.0,
            0.9753922684,
            0.0389892325,
            0.0219750006
        ],
        [
            0.0762156051,
            -0.2322415676,
            0.9753922684,
            1.0,
            0.0350253274,
            0.019889346
        ],
        [
            0.0136474082,
            0.1258070635,
            0.0389892325,
            0.0350253274,
            1.0,
            0.1091261727
        ],
        [
            0.0215233787,
            0.1046434383,
            0.0219750006,
            0.019889346,
            0.1091261727,
            1.0
        ]
    ]
}