{
    "columns": [
        "Diện tích",
        "Mức giá",
        "Số phòng ngủ",
        "Số toilet",
        "Pháp lý",
        "Nội thất"
    ],
    "index": [
        "Diện tích",
        "Mức giá",
        "Số phòng ngủ",
        "Số toilet",
        "Pháp lý",
        "Nội thất"
    ],
    "data": [
        [
            1.0,
            -0.118788099,
            0.0729143186,
            0.0759781461,
            0.0131287274,
            0.0211326161
        ],
        [
            -0.118788099,
            1.0,
            -0.2395391116,
            -0.2366089773,
            0.1307196159,
            0.1219636553
        ],
        [
            0.0729143186,
            -0.2395391116,
            1.0,
            0.9754039805,
            0.0380037336,
            0.0220876292
        ],
        [
            0.0759781461,
            -0.2366089773,
            0.9754039805,
            1.0,
            0.0345192367,
            0.0201446141
        ],
        [
            0.0131287274,
            0.1307196159,
            0.0380037336,
            0.0345192367,
            1.0,
            0.1178892988
        ],
        [
            0.0211326161,
            0.1219636553,
            0.0220876292,
            0.0201446141,
            0.1178892988,
            1.0
        ]
    ]
}