{
    "columns": [
        "Diện tích",
        "Mức giá",
        "Số phòng ngủ",
        "Số toilet",
        "Pháp lý",
        "Nội thất"
    ],
    "index": [
        "Diện tích",
        "Mức giá",
        "Số phòng ngủ",
        "Số toilet",
        "Pháp lý",
        "Nội thất"
    ],
    "data": [
        [
            1.0,
            -0.2355265974,
            0.0445997444,
            0.0222191449,
            -0.1163616493,
            -0.0289501089
        ],
        [
            -0.2355265974,
            1.0,
            -0.2516416422,
            -0.2918210992,
            0.0729382125,
            0.2315297057
        ],
        [
            0.0445997444,
            -0.2516416422,
            1.0,
            0.9282686662,
            0.0320907776,
            0.024893725
        ],
        [
            0.0222191449,
            -0.2918210992,
            0.9282686662,
            1.0,
            0.0428099259,
            0.0948465508
        ],
        [
            -0.1163616493,
            0.0729382125,
            0.0320907776,
            0.0428099259,
            1.0,
            -0.2801241155
        ],
        [
            -0.0289501089,
            0.2315297057,
            0.024893725,
            0.0948465508,
            -0.2801241155,
            1.0
        ]
    ]
}