{
    "columns": [
        "Diện tích",
        "Mức giá",
        "Số phòng ngủ",
        "Số toilet",
        "Pháp lý",
        "Nội thất"
    ],
    "index": [
        "Diện tích",
        "Mức giá",
        "Số phòng ngủ",
        "Số toilet",
        "Pháp lý",
        "Nội thất"
    ],
    "data": [
        [
            1.0,
            -0.1415527277,
            0.0729979718,
            0.0759221625,
            0.0113277402,
            0.0201436507
        ],
        [
            -0.1415527277,
            1.0,
            -0.2950841421,
            -0.2912225203,
            0.2018612216,
            0.1176758525
        ],
        [
            0.0729979718,
            -0.2950841421,
            1.0,
            0.9755453442,
            0.0374989714,
            0.0167888564
        ],
        [
            0.0759221625,
            -0.2912225203,
            0.9755453442,
            1.0,
            0.0329859557,
            0.0147775184
        ],
        [
            0.0113277402,
            0.2018612216,
            0.0374989714,
            0.0329859557,
            1.0,
            0.1366885598
        ],
        [
            0.0201436507,
            0.1176758525,
            0.0167888564,
            0.0147775184,
            0.1366885598,
            1.0
        ]
    ]
}