{
    "columns": [
        "Diện tích",
        "Mức giá",
        "Số phòng ngủ",
        "Số toilet",
        "Pháp lý",
        "Nội thất"
    ],
    "index": [
        "Diện tích",
        "Mức giá",
        "Số phòng ngủ",
        "Số toilet",
        "Pháp lý",
        "Nội thất"
    ],
    "data": [
        [
            1.0,
            -0.2833398508,
            0.0179261831,
            0.0136713774,
            0.2617318993,
            0.2817995904
        ],
        [
            -0.2833398508,
            1.0,
            -0.2432236254,
            -0.2363337228,
            0.0420950113,
            -0.0478595317
        ],
        [
            0.0179261831,
            -0.2432236254,
            1.0,
            0.9966746631,
            0.1666758664,
            0.0352420852
        ],
        [
            0.0136713774,
            -0.2363337228,
            0.9966746631,
            1.0,
            0.1597870102,
            0.0243430855
        ],
        [
            0.2617318993,
            0.0420950113,
            0.1666758664,
            0.1597870102,
            1.0,
            0.13842456
        ],
        [
            0.2817995904,
            -0.0478595317,
            0.0352420852,
            0.0243430855,
            0.13842456,
            1.0
        ]
    ]
}