{
    "columns": [
        "Diện tích",
        "Mức giá",
        "Số phòng ngủ",
        "Số toilet",
        "Pháp lý",
        "Nội thất"
    ],
    "index": [
        "Diện tích",
        "Mức giá",
        "Số phòng ngủ",
        "Số toilet",
        "Pháp lý",
        "Nội thất"
    ],
    "data": [
        [
            1.0,
            -0.2796682401,
            0.0816106555,
            0.0776307075,
            0.3768888934,
            0.3263037674
        ],
        [
            -0.2796682401,
            1.0,
            -0.244695332,
            -0.2372832906,
            0.0119877844,
            -0.0793736252
        ],
        [
            0.0816106555,
            -0.244695332,
            1.0,
            0.9962167496,
            0.2364178656,
            0.0831622057
        ],
        [
            0.0776307075,
            -0.2372832906,
            0.9962167496,
            1.0,
            0.2247103583,
            0.0682114258
        ],
        [
            0.3768888934,
            0.0119877844,
            0.2364178656,
            0.2247103583,
            1.0,
            0.2837942709
        ],
        [
            0.3263037674,
            -0.0793736252,
            0.0831622057,
            0.0682114258,
            0.2837942709,
            1.0
        ]
    ]
}