{
    "columns": [
        "Diện tích",
        "Mức giá",
        "Số phòng ngủ",
        "Số toilet",
        "Pháp lý",
        "Nội thất"
    ],
    "index": [
        "Diện tích",
        "Mức giá",
        "Số phòng ngủ",
        "Số toilet",
        "Pháp lý",
        "Nội thất"
    ],
    "data": [
        [
            1.0,
            -0.2917387637,
            0.1548635774,
            0.1441427608,
            0.4354178324,
            0.3563060962
        ],
        [
            -0.2917387637,
            1.0,
            -0.2558432941,
            -0.2491838387,
            -0.0159774246,
            -0.1024829325
        ],
        [
            0.1548635774,
            -0.2558432941,
            1.0,
            0.9967626967,
            0.2441795019,
            0.09607956
        ],
        [
            0.1441427608,
            -0.2491838387,
            0.9967626967,
            1.0,
            0.2350031227,
            0.0840412756
        ],
        [
            0.4354178324,
            -0.0159774246,
            0.2441795019,
            0.2350031227,
            1.0,
            0.2457441752
        ],
        [
            0.3563060962,
            -0.1024829325,
            0.09607956,
            0.0840412756,
            0.2457441752,
            1.0
        ]
    ]
}