{
    "columns": [
        "Diện tích",
        "Mức giá",
        "Số phòng ngủ",
        "Số toilet",
        "Pháp lý",
        "Nội thất"
    ],
    "index": [
        "Diện tích",
        "Mức giá",
        "Số phòng ngủ",
        "Số toilet",
        "Pháp lý",
        "Nội thất"
    ],
    "data": [
        [
            1.0,
            0.1703280146,
            0.8686975089,
            0.7934581887,
            0.0530621869,
            -0.054242513
        ],
        [
            0.1703280146,
            1.0,
            0.1355713353,
            0.1258521112,
            -0.0192361024,
            0.0361627781
        ],
        [
            0.8686975089,
            0.1355713353,
            1.0,
            0.772766612,
            0.0189255984,
            -0.0605420464
        ],
        [
            0.7934581887,
            0.1258521112,
            0.772766612,
            1.0,
            -0.0146980999,
            -0.0633183821
        ],
        [
            0.0530621869,
            -0.0192361024,
            0.0189255984,
            -0.0146980999,
            1.0,
            0.1801329779
        ],
        [
            -0.054242513,
            0.0361627781,
            -0.0605420464,
            -0.0633183821,
            0.1801329779,
            1.0
        ]
    ]
}