{
    "columns": [
        "Diện tích",
        "Mức giá",
        "Số phòng ngủ",
        "Số toilet",
        "Pháp lý",
        "Nội thất"
    ],
    "index": [
        "Diện tích",
        "Mức giá",
        "Số phòng ngủ",
        "Số toilet",
        "Pháp lý",
        "Nội thất"
    ],
    "data": [
        [
            1.0,
            0.0620605571,
            0.8200816539,
            0.7309634131,
            0.2270217124,
            0.0985909198
        ],
        [
            0.0620605571,
            1.0,
            0.0746776706,
            0.0169136496,
            0.004044221,
            0.072946959
        ],
        [
            0.8200816539,
            0.0746776706,
            1.0,
            0.5538315205,
            0.2994889821,
            0.228010093
        ],
        [
            0.7309634131,
            0.0169136496,
            0.5538315205,
            1.0,
            0.2129076568,
            0.0384333486
        ],
        [
            0.2270217124,
            0.004044221,
            0.2994889821,
            0.2129076568,
            1.0,
            0.1077275986
        ],
        [
            0.0985909198,
            0.072946959,
            0.228010093,
            0.0384333486,
            0.1077275986,
            1.0
        ]
    ]
}