{
    "columns": [
        "Diện tích",
        "Mức giá",
        "Số phòng ngủ",
        "Số toilet",
        "Pháp lý",
        "Nội thất"
    ],
    "index": [
        "Diện tích",
        "Mức giá",
        "Số phòng ngủ",
        "Số toilet",
        "Pháp lý",
        "Nội thất"
    ],
    "data": [
        [
            1.0,
            -0.1361601818,
            -0.0330166297,
            -0.0391516734,
            0.0435014909,
            0.2396618753
        ],
        [
            -0.1361601818,
            1.0,
            0.1092298158,
            0.215722493,
            0.2285807243,
            -0.026762923
        ],
        [
            -0.0330166297,
            0.1092298158,
            1.0,
            0.9506017669,
            0.0852768257,
            0.3977556169
        ],
        [
            -0.0391516734,
            0.215722493,
            0.9506017669,
            1.0,
            0.1197266204,
            0.4271090381
        ],
        [
            0.0435014909,
            0.2285807243,
            0.0852768257,
            0.1197266204,
            1.0,
            0.0365826457
        ],
        [
            0.2396618753,
            -0.026762923,
            0.3977556169,
            0.4271090381,
            0.0365826457,
            1.0
        ]
    ]
}