{
    "columns": [
        "Diện tích",
        "Mức giá",
        "Số phòng ngủ",
        "Số toilet",
        "Pháp lý",
        "Nội thất"
    ],
    "index": [
        "Diện tích",
        "Mức giá",
        "Số phòng ngủ",
        "Số toilet",
        "Pháp lý",
        "Nội thất"
    ],
    "data": [
        [
            1.0,
<<<<<<< HEAD
            0.1703280146,
            0.8686975089,
            0.7934581887,
            0.0530621869,
            -0.054242513
        ],
        [
            0.1703280146,
            1.0,
            0.1355713353,
            0.1258521112,
            -0.0192361024,
            0.0361627781
        ],
        [
            0.8686975089,
            0.1355713353,
            1.0,
            0.772766612,
            0.0189255984,
            -0.0605420464
        ],
        [
            0.7934581887,
            0.1258521112,
            0.772766612,
            1.0,
            -0.0146980999,
            -0.0633183821
        ],
        [
            0.0530621869,
            -0.0192361024,
            0.0189255984,
            -0.0146980999,
            1.0,
            0.1801329779
        ],
        [
            -0.054242513,
            0.0361627781,
            -0.0605420464,
            -0.0633183821,
            0.1801329779,
=======
            0.111951694,
            0.6253338054,
            0.5757157802,
            -0.012258025,
            0.027560533
        ],
        [
            0.111951694,
            1.0,
            0.0761858813,
            0.1069241895,
            -0.0566442577,
            0.009141373
        ],
        [
            0.6253338054,
            0.0761858813,
            1.0,
            0.6718034522,
            0.0750031726,
            0.0346320477
        ],
        [
            0.5757157802,
            0.1069241895,
            0.6718034522,
            1.0,
            0.0380367004,
            0.0319495966
        ],
        [
            -0.012258025,
            -0.0566442577,
            0.0750031726,
            0.0380367004,
            1.0,
            0.090811714
        ],
        [
            0.027560533,
            0.009141373,
            0.0346320477,
            0.0319495966,
            0.090811714,
>>>>>>> ngocbao
            1.0
        ]
    ]
}