{
    "columns": [
        "Diện tích",
        "Mức giá",
        "Số phòng ngủ",
        "Số toilet",
        "Pháp lý",
        "Nội thất"
    ],
    "index": [
        "Diện tích",
        "Mức giá",
        "Số phòng ngủ",
        "Số toilet",
        "Pháp lý",
        "Nội thất"
    ],
    "data": [
        [
            1.0,
            0.1283226826,
            0.6054824248,
            0.5511869633,
            -0.0297805329,
            0.0113506085
        ],
        [
            0.1283226826,
            1.0,
            0.1034480956,
            0.1186596812,
            -0.0424548482,
            0.0294541428
        ],
        [
            0.6054824248,
            0.1034480956,
            1.0,
            0.6609941706,
            0.0600581637,
            0.0142089993
        ],
        [
            0.5511869633,
            0.1186596812,
            0.6609941706,
            1.0,
            0.0307584562,
            0.0107723522
        ],
        [
            -0.0297805329,
            -0.0424548482,
            0.0600581637,
            0.0307584562,
            1.0,
            0.0714895521
        ],
        [
            0.0113506085,
            0.0294541428,
            0.0142089993,
            0.0107723522,
            0.0714895521,
            1.0
        ]
    ]
}