{
    "columns": [
        "Diện tích",
        "Mức giá",
        "Số phòng ngủ",
        "Số toilet",
        "Pháp lý",
        "Nội thất"
    ],
    "index": [
        "Diện tích",
        "Mức giá",
        "Số phòng ngủ",
        "Số toilet",
        "Pháp lý",
        "Nội thất"
    ],
    "data": [
        [
            1.0,
            -0.204829874,
            0.099044843,
            0.0660425196,
            0.0512730656,
            0.1826018901
        ],
        [
            -0.204829874,
            1.0,
            -0.1674396874,
            -0.1031740191,
            0.185167851,
            0.1769332773
        ],
        [
            0.099044843,
            -0.1674396874,
            1.0,
            0.8599789375,
            0.1328204006,
            0.1807317089
        ],
        [
            0.0660425196,
            -0.1031740191,
            0.8599789375,
            1.0,
            0.0333037432,
            0.2279088935
        ],
        [
            0.0512730656,
            0.185167851,
            0.1328204006,
            0.0333037432,
            1.0,
            0.1929083416
        ],
        [
            0.1826018901,
            0.1769332773,
            0.1807317089,
            0.2279088935,
            0.1929083416,
            1.0
        ]
    ]
}