{
    "columns": [
        "Diện tích",
        "Mức giá",
        "Số phòng ngủ",
        "Số toilet",
        "Pháp lý",
        "Nội thất"
    ],
    "index": [
        "Diện tích",
        "Mức giá",
        "Số phòng ngủ",
        "Số toilet",
        "Pháp lý",
        "Nội thất"
    ],
    "data": [
        [
            1.0,
<<<<<<< HEAD
            -0.2113442921,
            0.0903623834,
            0.1101618539,
            -0.0709591948,
            0.0332136692
        ],
        [
            -0.2113442921,
            1.0,
            -0.1677644491,
            -0.1037019673,
            0.1700161016,
            0.1761093548
        ],
        [
            0.0903623834,
            -0.1677644491,
            1.0,
            0.8335143432,
            0.124182932,
            0.1570499498
        ],
        [
            0.1101618539,
            -0.1037019673,
            0.8335143432,
            1.0,
            -0.0232119173,
            0.0978926368
        ],
        [
            -0.0709591948,
            0.1700161016,
            0.124182932,
            -0.0232119173,
            1.0,
            0.2335261676
        ],
        [
            0.0332136692,
            0.1761093548,
            0.1570499498,
            0.0978926368,
            0.2335261676,
=======
            -0.0916538609,
            0.3167871211,
            0.3035116477,
            0.0990793821,
            0.0637220843
        ],
        [
            -0.0916538609,
            1.0,
            0.0055213875,
            0.0310973677,
            0.2113202685,
            0.1112191006
        ],
        [
            0.3167871211,
            0.0055213875,
            1.0,
            0.9874352181,
            0.1784985558,
            0.1116059158
        ],
        [
            0.3035116477,
            0.0310973677,
            0.9874352181,
            1.0,
            0.1867480317,
            0.1178154339
        ],
        [
            0.0990793821,
            0.2113202685,
            0.1784985558,
            0.1867480317,
            1.0,
            0.1180300361
        ],
        [
            0.0637220843,
            0.1112191006,
            0.1116059158,
            0.1178154339,
            0.1180300361,
>>>>>>> ngocbao
            1.0
        ]
    ]
}