{
    "columns": [
        "Diện tích",
        "Mức giá",
        "Số phòng ngủ",
        "Số toilet",
        "Pháp lý",
        "Nội thất"
    ],
    "index": [
        "Diện tích",
        "Mức giá",
        "Số phòng ngủ",
        "Số toilet",
        "Pháp lý",
        "Nội thất"
    ],
    "data": [
        [
            1.0,
            -0.0956647614,
            0.2626100629,
            0.251343272,
            0.0920909533,
            0.0654769889
        ],
        [
            -0.0956647614,
            1.0,
            0.0025147959,
            0.0313621536,
            0.1993909689,
            0.1070857671
        ],
        [
            0.2626100629,
            0.0025147959,
            1.0,
            0.9842476243,
            0.1700424664,
            0.1032623625
        ],
        [
            0.251343272,
            0.0313621536,
            0.9842476243,
            1.0,
            0.1732747912,
            0.1074890669
        ],
        [
            0.0920909533,
            0.1993909689,
            0.1700424664,
            0.1732747912,
            1.0,
            0.1159298335
        ],
        [
            0.0654769889,
            0.1070857671,
            0.1032623625,
            0.1074890669,
            0.1159298335,
            1.0
        ]
    ]
}