{
    "columns": [
        "Diện tích",
        "Mức giá",
        "Số phòng ngủ",
        "Số toilet",
        "Pháp lý",
        "Nội thất"
    ],
    "index": [
        "Diện tích",
        "Mức giá",
        "Số phòng ngủ",
        "Số toilet",
        "Pháp lý",
        "Nội thất"
    ],
    "data": [
        [
            1.0,
            -0.0540722022,
            0.0530145769,
            0.0507673354,
            0.0026489543,
            -0.0094307735
        ],
        [
            -0.0540722022,
            1.0,
            0.1399391205,
            0.1827962565,
            0.0541572134,
            0.1369134885
        ],
        [
            0.0530145769,
            0.1399391205,
            1.0,
            0.9272926806,
            0.0403190834,
            0.1122346031
        ],
        [
            0.0507673354,
            0.1827962565,
            0.9272926806,
            1.0,
            0.0455704203,
            0.1282318266
        ],
        [
            0.0026489543,
            0.0541572134,
            0.0403190834,
            0.0455704203,
            1.0,
            0.0408793697
        ],
        [
            -0.0094307735,
            0.1369134885,
            0.1122346031,
            0.1282318266,
            0.0408793697,
            1.0
        ]
    ]
}