{
    "columns": [
        "Diện tích",
        "Mức giá",
        "Số phòng ngủ",
        "Số toilet",
        "Pháp lý",
        "Nội thất"
    ],
    "index": [
        "Diện tích",
        "Mức giá",
        "Số phòng ngủ",
        "Số toilet",
        "Pháp lý",
        "Nội thất"
    ],
    "data": [
        [
            1.0,
            -0.0591587842,
            0.0517951596,
            0.0498021455,
            0.0029985926,
            -0.0111321834
        ],
        [
            -0.0591587842,
            1.0,
            0.1383419885,
            0.1847385992,
            0.0619632543,
            0.1347918591
        ],
        [
            0.0517951596,
            0.1383419885,
            1.0,
            0.9188294672,
            0.0418902897,
            0.0986683811
        ],
        [
            0.0498021455,
            0.1847385992,
            0.9188294672,
            1.0,
            0.0477192051,
            0.1145603533
        ],
        [
            0.0029985926,
            0.0619632543,
            0.0418902897,
            0.0477192051,
            1.0,
            0.0435779368
        ],
        [
            -0.0111321834,
            0.1347918591,
            0.0986683811,
            0.1145603533,
            0.0435779368,
            1.0
        ]
    ]
}