{
    "columns": [
        "Diện tích",
        "Mức giá",
        "Số phòng ngủ",
        "Số toilet",
        "Pháp lý",
        "Nội thất"
    ],
    "index": [
        "Diện tích",
        "Mức giá",
        "Số phòng ngủ",
        "Số toilet",
        "Pháp lý",
        "Nội thất"
    ],
    "data": [
        [
            1.0,
            -0.0172641841,
            0.1540932182,
            0.163247627,
            0.0073459915,
            0.04075193
        ],
        [
            -0.0172641841,
            1.0,
            0.2121960303,
            0.2582066928,
            0.0812921818,
            0.0894023032
        ],
        [
            0.1540932182,
            0.2121960303,
            1.0,
            0.9540229313,
            0.0280176464,
            0.1054151353
        ],
        [
            0.163247627,
            0.2582066928,
            0.9540229313,
            1.0,
            0.0312412279,
            0.118129427
        ],
        [
            0.0073459915,
            0.0812921818,
            0.0280176464,
            0.0312412279,
            1.0,
            0.0400966895
        ],
        [
            0.04075193,
            0.0894023032,
            0.1054151353,
            0.118129427,
            0.0400966895,
            1.0
        ]
    ]
}