{
    "columns": [
        "Diện tích",
        "Mức giá",
        "Số phòng ngủ",
        "Số toilet",
        "Pháp lý",
        "Nội thất"
    ],
    "index": [
        "Diện tích",
        "Mức giá",
        "Số phòng ngủ",
        "Số toilet",
        "Pháp lý",
        "Nội thất"
    ],
    "data": [
        [
            1.0,
            0.0406473952,
            0.1859533864,
            0.1963498605,
            0.0426462757,
            0.0069381307
        ],
        [
            0.0406473952,
            1.0,
            0.0900486888,
            0.1134797297,
            0.0823040334,
            0.0916638462
        ],
        [
            0.1859533864,
            0.0900486888,
            1.0,
            0.8961615027,
            0.0082048437,
            0.0189090524
        ],
        [
            0.1963498605,
            0.1134797297,
            0.8961615027,
            1.0,
            0.033389453,
            0.0554171234
        ],
        [
            0.0426462757,
            0.0823040334,
            0.0082048437,
            0.033389453,
            1.0,
            0.1781583894
        ],
        [
            0.0069381307,
            0.0916638462,
            0.0189090524,
            0.0554171234,
            0.1781583894,
            1.0
        ]
    ]
}