{
    "columns": [
        "Diện tích",
        "Mức giá",
        "Số phòng ngủ",
        "Số toilet",
        "Pháp lý",
        "Nội thất"
    ],
    "index": [
        "Diện tích",
        "Mức giá",
        "Số phòng ngủ",
        "Số toilet",
        "Pháp lý",
        "Nội thất"
    ],
    "data": [
        [
            1.0,
            -0.0120510554,
            0.153116189,
            0.1629947789,
            0.0064072437,
            0.0396887948
        ],
        [
            -0.0120510554,
            1.0,
            0.2202305941,
            0.2652686261,
            0.0816339007,
            0.0877100248
        ],
        [
            0.153116189,
            0.2202305941,
            1.0,
            0.9536641472,
            0.0276891233,
            0.1008883021
        ],
        [
            0.1629947789,
            0.2652686261,
            0.9536641472,
            1.0,
            0.0311023058,
            0.1129610875
        ],
        [
            0.0064072437,
            0.0816339007,
            0.0276891233,
            0.0311023058,
            1.0,
            0.0409354247
        ],
        [
            0.0396887948,
            0.0877100248,
            0.1008883021,
            0.1129610875,
            0.0409354247,
            1.0
        ]
    ]
}