{
    "columns": [
        "Diện tích",
        "Mức giá",
        "Số phòng ngủ",
        "Số toilet",
        "Pháp lý",
        "Nội thất"
    ],
    "index": [
        "Diện tích",
        "Mức giá",
        "Số phòng ngủ",
        "Số toilet",
        "Pháp lý",
        "Nội thất"
    ],
    "data": [
        [
            1.0,
            -0.1391537867,
            0.0860928836,
            0.167871316,
            0.0201461966,
            0.154179824
        ],
        [
            -0.1391537867,
            1.0,
            0.1261751102,
            0.2261717226,
            0.1726094179,
            0.0822565468
        ],
        [
            0.0860928836,
            0.1261751102,
            1.0,
            0.9463463007,
            0.1101540658,
            0.3329049671
        ],
        [
            0.167871316,
            0.2261717226,
            0.9463463007,
            1.0,
            0.1341225552,
            0.3974506346
        ],
        [
            0.0201461966,
            0.1726094179,
            0.1101540658,
            0.1341225552,
            1.0,
            0.1018697849
        ],
        [
            0.154179824,
            0.0822565468,
            0.3329049671,
            0.3974506346,
            0.1018697849,
            1.0
        ]
    ]
}