{
    "columns": [
        "Diện tích",
        "Mức giá",
        "Số phòng ngủ",
        "Số toilet",
        "Pháp lý",
        "Nội thất"
    ],
    "index": [
        "Diện tích",
        "Mức giá",
        "Số phòng ngủ",
        "Số toilet",
        "Pháp lý",
        "Nội thất"
    ],
    "data": [
        [
            1.0,
            0.0422298666,
            0.384207305,
            0.390910507,
            0.0232943051,
            0.0101919659
        ],
        [
            0.0422298666,
            1.0,
            0.1116031732,
            0.1809608836,
            0.0780203338,
            0.1342835308
        ],
        [
            0.384207305,
            0.1116031732,
            1.0,
            0.8260142209,
            0.0359392755,
            0.1144837121
        ],
        [
            0.390910507,
            0.1809608836,
            0.8260142209,
            1.0,
            0.044330939,
            0.1408134445
        ],
        [
            0.0232943051,
            0.0780203338,
            0.0359392755,
            0.044330939,
            1.0,
            0.0278265276
        ],
        [
            0.0101919659,
            0.1342835308,
            0.1144837121,
            0.1408134445,
            0.0278265276,
            1.0
        ]
    ]
}