{
    "columns": [
        "Diện tích",
        "Mức giá",
        "Số phòng ngủ",
        "Số toilet",
        "Pháp lý",
        "Nội thất"
    ],
    "index": [
        "Diện tích",
        "Mức giá",
        "Số phòng ngủ",
        "Số toilet",
        "Pháp lý",
        "Nội thất"
    ],
    "data": [
        [
            1.0,
            -0.0255824064,
            0.1003551969,
            0.1018448421,
            0.048504137,
            0.0077974476
        ],
        [
            -0.0255824064,
            1.0,
            0.1196769974,
            0.1526979795,
            0.0919974045,
            0.1371044723
        ],
        [
            0.1003551969,
            0.1196769974,
            1.0,
            0.8896467095,
            -4.21073e-05,
            0.0120099048
        ],
        [
            0.1018448421,
            0.1526979795,
            0.8896467095,
            1.0,
            0.0243275559,
            0.0626292991
        ],
        [
            0.048504137,
            0.0919974045,
            -4.21073e-05,
            0.0243275559,
            1.0,
            0.2243218096
        ],
        [
            0.0077974476,
            0.1371044723,
            0.0120099048,
            0.0626292991,
            0.2243218096,
            1.0
        ]
    ]
}