{
    "columns": [
        "Diện tích",
        "Mức giá",
        "Số phòng ngủ",
        "Số toilet",
        "Pháp lý",
        "Nội thất"
    ],
    "index": [
        "Diện tích",
        "Mức giá",
        "Số phòng ngủ",
        "Số toilet",
        "Pháp lý",
        "Nội thất"
    ],
    "data": [
        [
            1.0,
            0.0246074414,
            0.3315001164,
            0.3380232795,
            0.0109496115,
            0.0384841265
        ],
        [
            0.0246074414,
            1.0,
            0.2117070047,
            0.2576815749,
            0.0975956048,
            0.091710198
        ],
        [
            0.3315001164,
            0.2117070047,
            1.0,
            0.9536790636,
            0.0307705249,
            0.1039354024
        ],
        [
            0.3380232795,
            0.2576815749,
            0.9536790636,
            1.0,
            0.0346938258,
            0.1160615169
        ],
        [
            0.0109496115,
            0.0975956048,
            0.0307705249,
            0.0346938258,
            1.0,
            0.038969109
        ],
        [
            0.0384841265,
            0.091710198,
            0.1039354024,
            0.1160615169,
            0.038969109,
            1.0
        ]
    ]
}