{
    "columns": [
        "Diện tích",
        "Mức giá",
        "Số phòng ngủ",
        "Số toilet",
        "Pháp lý",
        "Nội thất"
    ],
    "index": [
        "Diện tích",
        "Mức giá",
        "Số phòng ngủ",
        "Số toilet",
        "Pháp lý",
        "Nội thất"
    ],
    "data": [
        [
            1.0,
            -0.030120816,
            0.102945507,
            0.1074095407,
            0.0594317007,
            0.0148650559
        ],
        [
            -0.030120816,
            1.0,
            0.1336850042,
            0.168847407,
            0.0911413685,
            0.124590829
        ],
        [
            0.102945507,
            0.1336850042,
            1.0,
            0.8762846182,
            0.0080851047,
            0.002052704
        ],
        [
            0.1074095407,
            0.168847407,
            0.8762846182,
            1.0,
            0.0254368873,
            0.0534855527
        ],
        [
            0.0594317007,
            0.0911413685,
            0.0080851047,
            0.0254368873,
            1.0,
            0.2123129693
        ],
        [
            0.0148650559,
            0.124590829,
            0.002052704,
            0.0534855527,
            0.2123129693,
            1.0
        ]
    ]
}