{
    "columns": [
        "Diện tích",
        "Mức giá",
        "Số phòng ngủ",
        "Số toilet",
        "Pháp lý",
        "Nội thất"
    ],
    "index": [
        "Diện tích",
        "Mức giá",
        "Số phòng ngủ",
        "Số toilet",
        "Pháp lý",
        "Nội thất"
    ],
    "data": [
        [
            1.0,
            -0.3542998638,
            -0.040762993,
            -0.0702548928,
            -0.0018798333,
            -0.0923275606
        ],
        [
            -0.3542998638,
            1.0,
            0.25678083,
            0.302905894,
            0.0932123491,
            0.2212112701
        ],
        [
            -0.040762993,
            0.25678083,
            1.0,
            0.9775051985,
            0.0399058563,
            0.2477709179
        ],
        [
            -0.0702548928,
            0.302905894,
            0.9775051985,
            1.0,
            0.0593434898,
            0.2985123908
        ],
        [
            -0.0018798333,
            0.0932123491,
            0.0399058563,
            0.0593434898,
            1.0,
            0.099256082
        ],
        [
            -0.0923275606,
            0.2212112701,
            0.2477709179,
            0.2985123908,
            0.099256082,
            1.0
        ]
    ]
}