{
    "columns": [
        "Diện tích",
        "Mức giá",
        "Số phòng ngủ",
        "Số toilet",
        "Pháp lý",
        "Nội thất"
    ],
    "index": [
        "Diện tích",
        "Mức giá",
        "Số phòng ngủ",
        "Số toilet",
        "Pháp lý",
        "Nội thất"
    ],
    "data": [
        [
            1.0,
            -0.1528215623,
            0.1782909206,
            0.155476591,
            0.0301254451,
            0.0785269015
        ],
        [
            -0.1528215623,
            1.0,
            0.3217335018,
            0.3906125594,
            0.2260060103,
            0.2871744758
        ],
        [
            0.1782909206,
            0.3217335018,
            1.0,
            0.9576566891,
            0.1199909938,
            0.1307546459
        ],
        [
            0.155476591,
            0.3906125594,
            0.9576566891,
            1.0,
            0.1566443498,
            0.1760798881
        ],
        [
            0.0301254451,
            0.2260060103,
            0.1199909938,
            0.1566443498,
            1.0,
            0.2106695558
        ],
        [
            0.0785269015,
            0.2871744758,
            0.1307546459,
            0.1760798881,
            0.2106695558,
            1.0
        ]
    ]
}