{
    "columns": [
        "Diện tích",
        "Mức giá",
        "Số phòng ngủ",
        "Số toilet",
        "Pháp lý",
        "Nội thất"
    ],
    "index": [
        "Diện tích",
        "Mức giá",
        "Số phòng ngủ",
        "Số toilet",
        "Pháp lý",
        "Nội thất"
    ],
    "data": [
        [
            1.0,
            -0.1356434189,
            0.1778563542,
            0.1553136825,
            0.0351316806,
            0.069096977
        ],
        [
            -0.1356434189,
            1.0,
            0.3163946398,
            0.3911884731,
            0.2379308039,
            0.2670497408
        ],
        [
            0.1778563542,
            0.3163946398,
            1.0,
            0.9507034862,
            0.1292905774,
            0.12324438
        ],
        [
            0.1553136825,
            0.3911884731,
            0.9507034862,
            1.0,
            0.1583280096,
            0.1712531096
        ],
        [
            0.0351316806,
            0.2379308039,
            0.1292905774,
            0.1583280096,
            1.0,
            0.2076396097
        ],
        [
            0.069096977,
            0.2670497408,
            0.12324438,
            0.1712531096,
            0.2076396097,
            1.0
        ]
    ]
}