{
    "columns": [
        "Diện tích",
        "Mức giá",
        "Số phòng ngủ",
        "Số toilet",
        "Pháp lý",
        "Nội thất"
    ],
    "index": [
        "Diện tích",
        "Mức giá",
        "Số phòng ngủ",
        "Số toilet",
        "Pháp lý",
        "Nội thất"
    ],
    "data": [
        [
            1.0,
            -0.0979673839,
            0.1569635599,
            0.1669529132,
            0.05683512,
            0.0943416806
        ],
        [
            -0.0979673839,
            1.0,
            0.2825791435,
            0.3647835554,
            0.2055576254,
            0.180846712
        ],
        [
            0.1569635599,
            0.2825791435,
            1.0,
            0.9428567024,
            0.0265993331,
            0.0186231662
        ],
        [
            0.1669529132,
            0.3647835554,
            0.9428567024,
            1.0,
            0.0758462485,
            0.0844816211
        ],
        [
            0.05683512,
            0.2055576254,
            0.0265993331,
            0.0758462485,
            1.0,
            0.2602927133
        ],
        [
            0.0943416806,
            0.180846712,
            0.0186231662,
            0.0844816211,
            0.2602927133,
            1.0
        ]
    ]
}