{
    "columns": [
        "Diện tích",
        "Mức giá",
        "Số phòng ngủ",
        "Số toilet",
        "Pháp lý",
        "Nội thất"
    ],
    "index": [
        "Diện tích",
        "Mức giá",
        "Số phòng ngủ",
        "Số toilet",
        "Pháp lý",
        "Nội thất"
    ],
    "data": [
        [
            1.0,
            -0.074998437,
            0.8115542385,
            0.8605946194,
            0.0889875862,
            0.1163522975
        ],
        [
            -0.074998437,
            1.0,
            0.0237550384,
            -0.0037948744,
            0.2029559251,
            0.0135534979
        ],
        [
            0.8115542385,
            0.0237550384,
            1.0,
            0.9706982432,
            0.1405324305,
            0.2158850284
        ],
        [
            0.8605946194,
            -0.0037948744,
            0.9706982432,
            1.0,
            0.1810826748,
            0.2557881153
        ],
        [
            0.0889875862,
            0.2029559251,
            0.1405324305,
            0.1810826748,
            1.0,
            0.4081066703
        ],
        [
            0.1163522975,
            0.0135534979,
            0.2158850284,
            0.2557881153,
            0.4081066703,
            1.0
        ]
    ]
}