{
    "columns": [
        "Diện tích",
        "Mức giá",
        "Số phòng ngủ",
        "Số toilet",
        "Pháp lý",
        "Nội thất"
    ],
    "index": [
        "Diện tích",
        "Mức giá",
        "Số phòng ngủ",
        "Số toilet",
        "Pháp lý",
        "Nội thất"
    ],
    "data": [
        [
            1.0,
            -0.0746985621,
            0.81156594,
            0.860788278,
            0.0885442874,
            0.1160845924
        ],
        [
            -0.0746985621,
            1.0,
            0.0245631081,
            -0.0025052849,
            0.2070774239,
            0.0182992484
        ],
        [
            0.81156594,
            0.0245631081,
            1.0,
            0.9707588293,
            0.1394174836,
            0.2150952495
        ],
        [
            0.860788278,
            -0.0025052849,
            0.9707588293,
            1.0,
            0.1791225395,
            0.2538729786
        ],
        [
            0.0885442874,
            0.2070774239,
            0.1394174836,
            0.1791225395,
            1.0,
            0.4026852852
        ],
        [
            0.1160845924,
            0.0182992484,
            0.2150952495,
            0.2538729786,
            0.4026852852,
            1.0
        ]
    ]
}