{
    "columns": [
        "Diện tích",
        "Mức giá",
        "Số phòng ngủ",
        "Số toilet",
        "Pháp lý",
        "Nội thất"
    ],
    "index": [
        "Diện tích",
        "Mức giá",
        "Số phòng ngủ",
        "Số toilet",
        "Pháp lý",
        "Nội thất"
    ],
    "data": [
        [
            1.0,
            -0.1239575472,
            0.9761692787,
            0.9779498239,
            0.1466690234,
            0.198790311
        ],
        [
            -0.1239575472,
            1.0,
            0.009297493,
            -0.0397277044,
            0.3057879304,
            0.0037024193
        ],
        [
            0.9761692787,
            0.009297493,
            1.0,
            0.9880933365,
            0.2086275951,
            0.2356282219
        ],
        [
            0.9779498239,
            -0.0397277044,
            0.9880933365,
            1.0,
            0.2269218196,
            0.2973063194
        ],
        [
            0.1466690234,
            0.3057879304,
            0.2086275951,
            0.2269218196,
            1.0,
            0.5895175731
        ],
        [
            0.198790311,
            0.0037024193,
            0.2356282219,
            0.2973063194,
            0.5895175731,
            1.0
        ]
    ]
}